92274
92418
92431
92261
92527
92635
92491
92220
92276
92228
92184
92494
92336
92512
92260
92255
92352
92246
92450
92284
92483
92426
92257
92232
92442
92432
92389
92278
92426
92554
92415
92345
92430
92382
92400
92451
92392
92126
92412
92281
92273
92421
92618
92697
92381
92063
92262
92347
92624
92570
92244
92692
92337
92452
92435
92394
92298
92493
92385
92660
92269
92523
92507
92494
92340
92822
92323
92251
92272
92434
92234
92452
92465
92173
92169
92775
92199
92282
92358
92560
92033
92144
92171
92196
92298
92247
92224
92268
92242
92074
92324
92464
92523
92499
92493
92334
92450
92305
92386
92327
92229
92461
92544
92583
92358
92116
92307
92133
92320
92158
92122
92326
92548
92547
92301
92159
92423
92451
92403
92536
92306
92400
92534
92254
92382
92171
92149
92232
92500
92514
92299
92512
92647
92341
92355
92131
92449
92173
92490
92426
92519
92384
92178
92332
92498
92274
92255
92328
92400
92319
92198
92201
92599
92193
92359
92214
92514
92383
92511
92526
92297
92297
92417
92234
92531
92277
92540
92263
92276
92397
92137
92557
92299
92329
92395
92260
92449
92268
92139
92363
92253
92567
92224
92504
92393
92300
92598
92336
92503
92634
92597
92284
92276
92261
92566
92514
92380
92376
92171
92191
92587
92543
92200
92315
92296
92331
92626
92055
92523
92326
92402
92283
92475
92420
92385
92648
92475
92243
92321
92383
92209
92800
92416
92374
92247
92293
92372
92168
92532
92269
92439
92311
92568
92495
92186
92416
92467
92793
92140
92187
92356
92397
92411
92527
92171
92302
92190
92355
92311
92276
92120
92351
92275
92153
92370
92517
92550
92437
92299
92451
92311
92441
92372
92695
92666
92259
92432
92540
92380
92202
92662
92242
92700
92345
92360
92401
92464
92473
92659
92322
92450
92166
92319
92345
92292
92129
92248
92459
92578
92253
92333
92477
92437
92156
92148
92319
92317
92264
92396
92699
92432
92113
92310
92427
92297
92512
92316
92472
92359
92370
92313
92400
92144
92176
92248
92216
92617
92395
92408
92500
92427
92742
92164
92417
92325
92360
92481
92381
92182
92659
92606
92336
92432
92461
92271
92204
92649
92269
92620
92435
92278
92391
92226
92082
92492
92335
92533
92510
92375
92611
92497
92269
92403
92196
92061
92472
92278
92628
92339
92351
92151
92216
92376
92168
92177
92261
92361
92402
92385
92408
92235
92384
92460
92690
92354
92631
92420
92136
92433
92366
92406
92099
92160
92173
92357
92637
92259
92535
92607
92262
92530
92328
92376
92403
92271
92377
92428
92485
92718
92214
92437
92308
92581
92503
92267
92441
92267
92342
92396
92217
92300
92401
92552
92191
92290
92448
92190
92293
92292
92221
92792
92205
92269
92360
92250
92313
92518
92432
92606
92176
92282
92361
92505
92498
92200
92490
92397
92600
92353
92401
92593
92508
92419
92220
92404
92602
92306
92373
92242
92292
92215
92343
92338
92420
92385
92396
92390
92536
92335
92577
92326
92288
92347
92300
92281
92313
92370
92336
92125
92479
92352
92333
92421
92451
92209
92558
92355
92297
92255
92343
92563
92321
92293
92360
92309
92315
92397
92419
92383
92284
92114
92380
92427
92437
92362
92454
92588
92174
92430
92331
92159
92324
92307
92480
92217
92366
92476
92448
92434
92155
92696
92597
92353
92439
92325
92361
92501
92323
92555
92296
92397
92466
92321
92335
92217
92539
92496
92326
92415
92205
92294
92436
92121
92780
92416
92323
92244
92550
92370
92593
92398
92240
92364
92634
92272
92276
92303
92529
92180
92599
92270
92141
92362
92343
92253
92182
92267
92386
92594
92246
92268
92281
92381
92236
92422
92470
92195
92429
92340
92295
92362
92296
92412
92339
92639
92276
92284
92548
92416
92158
92166
92237
92477
92526
92259
92528
92649
92418
92537
92511
92282
92369
92524
92373
92662
92420
92283
92593
92760
92278
92201
92391
92282
92285
92465
92167
92348
92251
92321
92430
92343
92264
92259
92139
92381
92346
92103
92575
92365
92296
92078
92292
92462
92365
92435
92260
92392
92340
92169
92174
92217
92240
92333
92247
92260
92520
92497
92221
92083
92485
92358
92358
92261
92372
92285
92331
92578
92300
92254
92340
92397
92161
92836
92529
92339
92137
92212
92417
92445
92392
92255
92542
92423
92465
92489
92399
92456
92372
92354
92320
92505
92309
92320
92503
92410
92115
92416
92513
92479
92579
92298
92520
92537
92479
92524
92431
92559
92546
92585
92367
92497
92244
92458
92311
92252
92261
92389
92311
92470
92378
92249
92245
92383
92340
92491
92262
92486
92438
92673
92128
92342
92255
92614
92535
92266
92505
92461
92383
92563
92407
92105
92499
92395
92233
92408
92257
92242
92294
92228
92471
92480
92621
92264
92311
92282
92533
92406
92576
92326
92106
92474
92384
92297
92431
92241
92563
92416
92410
92438
92331
92439
92174
92375
92501
92138
92474
92167
92166
92298
92648
92410
92402
92453
92365
92459
92371
92574
92227
92712
92383
92448
92490
92238
92344
92304
92381
92430
92477
92444
92297
92573
92522
92266
92409
92284
92156
92475
92092
92421
92486
92335
92191
92429
92176
92474
92296
92563
92094
92481
92344
92539
92179
92366
92544
92444
92193
92081
92536
92572
92284
92576
92357
92273
92346
92298
92463
92366
92194
92612
92240
92208
92254
92331
92247
92101
92327
92443
92493
92349
92406
92656
92381
92253
92371
92503
92208
92414
92143
92374
92379
92151
92640
92837
92245
92289
92292
92281
92316
92708
92278
92398
92208
92385
92459
92362
92325
92335
92525
92179
92294
92236
92498
92325
92432
92054
92346
92246
92294
92500
92308
92398
92406
92175
92375
92154
92328
92384
92228
92333
92129
92303
92293
92414
92292
92328
92679
92344
92222
92321
92419
92311
92348
92740
92589
92481
92390
92613
92263
92417
92277
92560
92314
92193
92511
92397
92284
92396
92518
92127
92193
92502
92205
92407
92245
92699
92131
92247
92597
92239
92187
92084
92206
92456
92089
92485
92453
92274
92390
92376
92430
92594
92143
92592
92476
92197
92473
92523
92304
92530
92556
92496
92359
92135
92444
92756
92138
92118
92284
92402
92247
92356
92095
92271
92304
92292
92292
92325
92268
92284
92515
92294
92501
92440
92216
92348
92590
92257
92516
92367
92301
92224
92282
92296
92282
92362
92253
92408
92301
92228
92435
92233
92249
92383
92417
92350
92427
92203
92659
92312
92338
92265
92607
92244
92408
92479
92352
92403
92426
92432
92259
