13130
13154
13119
13131
13109
13117
13128
13122
13133
13115
13110
13154
13141
13141
13103
13130
13113
13121
13113
13126
13128
13117
13122
13128
13137
13129
13138
13144
13137
13139
13131
13122
13129
13143
13111
13130
13108
13106
13132
13137
13127
13142
13123
13127
13127
13097
13130
13126
13125
13134
13113
13152
13118
13155
13146
13129
13130
13130
13121
13134
13132
13121
13152
13128
13123
13142
13120
13130
13153
13144
13126
13121
13138
13141
13110
13123
13129
13138
13126
13117
13103
13134
13126
13131
13123
13131
13142
13103
13130
13142
13124
13120
13142
13120
13127
13127
13128
13142
13146
13124
13130
13147
13121
13140
13121
13140
13146
13112
13119
13142
13124
13122
13121
13116
13119
13138
13130
13134
13148
13138
13121
13126
13136
13124
13137
13126
13120
13123
13133
13126
13113
13130
13136
13125
13110
13128
13102
13127
13121
13142
13145
13127
13146
13111
13129
13142
13130
13142
13124
13124
13129
13107
13131
13131
13114
13124
13137
13127
13121
13148
13115
13124
13153
13124
13123
13105
13143
13136
13132
13114
13136
13138
13138
13133
13131
13128
13123
13152
13131
13120
13136
13122
13124
13132
13147
13130
13126
13130
13111
13127
13150
13130
13119
13124
13129
13120
13127
13123
13124
13138
13145
13131
13131
13134
13134
13112
13114
13139
13133
13142
13116
13113
13124
13141
13130
13149
13124
13137
13126
13111
13111
13123
13121
13116
13120
13117
13143
13121
13123
13125
13128
13128
13121
13126
13136
13118
13136
13141
13114
13126
13132
13117
13117
13115
13140
13138
13127
13120
13115
13119
13119
13112
13132
13127
13133
13142
13110
13139
13114
13127
13119
13115
13121
13112
13132
13122
13143
13121
13123
13127
13140
13124
13112
13140
13144
13120
13132
13106
13121
13134
13119
13117
13148
13122
13123
13156
13132
13134
13125
13138
13131
13125
13139
13125
13117
13128
13128
13139
13132
13127
13149
13132
13144
13132
13131
13129
13122
13112
13142
13140
13133
13159
13115
13144
13123
13124
13136
13138
13135
13128
13126
13133
13125
13148
13129
13122
13118
13146
13121
13121
13113
13139
13122
13129
13144
13119
13145
13129
13145
13117
13130
13132
13143
13159
13122
13138
13119
13127
13112
13131
13112
13125
13130
13134
13129
13133
13116
13119
13144
13150
13113
13143
13133
13123
13147
13116
13116
13122
13144
13116
13124
13134
13156
13132
13121
13141
13112
13135
13126
13116
13116
13118
13117
13138
13127
13127
13138
13127
13132
13126
13138
13116
13131
13129
13132
13134
13122
13104
13130
13117
13119
13134
13110
13146
13132
13124
13119
13127
13095
13112
13157
13140
13145
13128
13124
13121
13134
13125
13113
13126
13139
13128
13135
13109
13114
13127
13126
13131
13130
13136
13115
13111
13118
13139
13150
13133
13131
13127
13111
13119
13140
13134
13141
13114
13135
13135
13139
13123
13125
13111
13132
13129
13124
13132
13133
13127
13132
13140
13122
13109
13127
13125
13126
13125
13118
13138
13137
13151
13144
13141
13138
13112
13105
13126
13134
13120
13110
13152
13122
13139
13144
13099
13141
13134
13119
13099
13110
13133
13121
13113
13126
13121
13136
13134
13124
13149
13140
13120
13136
13131
13124
13105
13102
13142
13127
13120
13134
13121
13133
13154
13151
13111
13142
13096
13122
13147
13149
13144
13112
13107
13134
13132
13125
13139
13160
13099
13122
13121
13139
13144
13130
13131
13114
13104
13124
13131
13132
13158
13135
13140
13116
13148
13145
13143
13132
13148
13104
13128
13119
13142
13123
13136
13134
13112
13129
13130
13148
13116
13116
13121
13145
13145
13124
13117
13135
13139
13116
13115
13130
13128
13119
13119
13130
13142
13134
13131
13126
13128
13140
13134
13131
13137
13135
13124
13121
13118
13129
13130
13128
13127
13118
13144
13117
13130
13123
13111
13145
13134
13140
13121
13127
13143
13111
13147
13135
13105
13124
13117
13140
13123
13127
13114
13101
13127
13134
13116
13131
13105
13135
13133
13136
13122
13136
13150
13118
13157
13140
13122
13112
13128
13134
13135
13138
13122
13146
13142
13107
13136
13118
13126
13102
13123
13123
13122
13124
13120
13107
13129
13127
13129
13120
13147
13132
13134
13119
13143
13138
13115
13114
13118
13114
13126
13104
13132
13114
13122
13123
13132
13130
13132
13137
13138
13120
13130
13130
13136
13128
13131
13121
13143
13113
13133
13141
13135
13117
13132
13154
13132
13159
13131
13161
13114
13121
13123
13125
13122
13138
13131
13133
13133
13126
13120
13137
13136
13131
13124
13135
13152
13120
13129
13155
13123
13128
13131
13143
13135
13108
13140
13126
13128
13142
13118
13146
13154
13115
13136
13149
13120
13131
13112
13130
13116
13128
13132
13147
13118
13113
13113
13129
13124
13111
13114
13109
13136
13111
13146
13109
13116
13127
13150
13143
13125
13123
13138
13142
13131
13113
13128
13137
13122
13145
13124
13122
13132
13143
13099
13109
13125
13121
13135
13125
13119
13136
13134
13143
13130
13124
13135
13129
13127
13137
13124
13117
13114
13125
13135
13138
13142
13125
13115
13114
13119
13117
13139
13115
13130
13134
13129
13149
13134
13141
13131
13116
13155
13149
13141
13131
13135
13123
13131
13120
13130
13133
13117
13126
13147
13112
13098
13106
13112
13146
13127
13131
13140
13126
13125
13151
13135
13138
13117
13115
13128
13123
13124
13122
13139
13135
13142
13127
13137
13147
13123
13122
13140
13116
13115
13118
13121
13130
13154
13116
13121
13140
13130
13125
13133
13156
13118
13113
13137
13128
13114
13122
13132
13131
13110
13125
13117
13117
13131
13130
13113
13109
13112
13125
13136
13123
13130
13126
13109
13121
13128
13123
13125
13131
13128
13134
13114
13130
13113
13131
13129
13144
13116
13132
13136
13132
13116
13113
13128
13111
13141
13128
13131
13116
13135
13140
13112
13138
13146
13121
13141
13115
13128
13117
13097
13148
13126
13124
13118
13112
13134
13123
13100
13140
13107
13117
13123
13128
13142
13118
13131
13118
13109
13132
13121
13130
13123
13136
13118
13134
13117
13146
13139
13136
13121
13152
13120
13120
13128
13129
13134
13131
13131
13151
13110
13125
13123
13131
13146
13132
13136
13139
13134
13120
13129
13112
13138
13143
13131
13132
13106
13138
13114
13143
13109
13113
13115
13145
13107
13122
13140
13123
13119
13126
13104
13136
13119
13140
13124
13139
13128
13114
13128
13129
13136
13133
13127
13117
13118
