341607
341609
341634
341597
341600
341631
341581
341622
341613
341643
341683
341623
341571
341618
341667
341652
341625
341609
341591
341688
341584
341598
341579
341677
341581
341633
341629
341585
341613
341630
341577
341591
341596
341572
341610
341640
341589
341625
341569
341591
341619
341583
341633
341610
341613
341614
341649
341624
341593
341660
341599
341616
341559
341573
341592
341670
341618
341555
341681
341587
341608
341605
341625
341627
341597
341645
341607
341607
341575
341594
341586
341578
341614
341627
341622
341623
341616
341611
341584
341654
341586
341657
341574
341615
341621
341612
341627
341592
341593
341601
341640
341617
341602
341642
341598
341654
341639
341586
341632
341570
341593
341615
341586
341568
341600
341646
341613
341618
341570
341601
341548
341623
341539
341604
341580
341548
341613
341593
341616
341591
341626
341650
341553
341568
341592
341637
341613
341544
341633
341543
341562
341581
341582
341669
341543
341597
341569
341584
341640
341605
341581
341590
341617
341583
341618
341601
341596
341672
341600
341576
341623
341620
341616
341643
341664
341595
341633
341576
341591
341574
341617
341583
341613
341574
341596
341607
341651
341563
341561
341631
341639
341642
341657
341591
341567
341559
341561
341619
341599
341609
341636
341640
341627
341606
341639
341651
341558
341584
341580
341606
341633
341608
341545
341604
341644
341678
341618
341646
341628
341596
341540
341594
341608
341634
341644
341650
341595
341594
341611
341610
341596
341587
341601
341648
341597
341624
341573
341567
341652
341653
341592
341604
341593
341579
341536
341593
341602
341588
341618
341583
341606
341559
341574
341621
341626
341591
341575
341570
341604
341576
341597
341636
341625
341593
341588
341607
341638
341581
341574
341601
341638
341547
341632
341604
341610
341603
341584
341664
341652
341617
341627
341608
341648
341613
341620
341608
341623
341587
341578
341626
341558
341555
341602
341621
341667
341558
341575
341605
341637
341640
341566
341644
341630
341598
341660
341624
341588
341610
341597
341639
341598
341588
341610
341618
341619
341621
341632
341595
341591
341575
341605
341550
341625
341669
341573
341598
341586
341635
341577
341606
341607
341628
341632
341586
341592
341569
341624
341527
341570
341556
341587
341655
341666
341636
341626
341574
341592
341620
341625
341610
341580
341565
341609
341571
341591
341601
341574
341612
341626
341565
341560
341625
341620
341618
341572
341653
341620
341593
341621
341671
341608
341552
341605
341627
341604
341662
341622
341636
341590
341584
341636
341610
341628
341587
341604
341632
341543
341624
341620
341572
341598
341577
341593
341589
341609
341636
341627
341529
341559
341662
341553
341601
341608
341634
341611
341638
341605
341568
341634
341653
341649
341597
341640
341565
341570
341651
341603
341576
341614
341580
341661
341624
341658
341586
341550
341615
341632
341615
341620
341547
341598
341628
341580
341642
341643
341576
341666
341590
341641
341604
341636
341627
341610
341600
341620
341644
341580
341594
341588
341621
341613
341672
341627
341619
341577
341560
341602
341569
341588
341623
341619
341624
341656
341613
341536
341631
341588
341640
341553
341625
341719
341579
341587
341576
341621
341628
341589
341579
341594
341596
341605
341621
341622
341609
341604
341612
341516
341556
341567
341595
341611
341588
341587
341535
341599
341611
341654
341577
341566
341612
341619
341617
341603
341701
341602
341624
341598
341595
341635
341543
341570
341555
341641
341601
341605
341556
341618
341585
341635
341627
341627
341587
341658
341592
341664
341608
341611
341615
341595
341643
341585
341584
341609
341616
341597
341574
341614
341609
341620
341563
341572
341586
341598
341585
341554
341622
341566
341568
341616
341638
341635
341652
341630
341616
341637
341566
341618
341582
341609
341633
341645
341621
341593
341615
341622
341614
341558
341574
341584
341616
341635
341592
341625
341603
341616
341597
341598
341671
341617
341629
341620
341615
341582
341637
341594
341597
341601
341589
341567
341603
341629
341583
341534
341618
341670
341608
341595
341642
341579
341695
341640
341654
341587
341576
341622
341602
341596
341668
341601
341597
341569
341571
341561
341588
341658
341604
341591
341626
341610
341606
341624
341592
341578
341626
341598
341638
341569
341539
341628
341606
341612
341646
341594
341631
341603
341557
341611
341581
341584
341675
341591
341579
341638
341625
341590
341636
341627
341611
341677
341610
341559
341616
341662
341664
341613
341639
341565
341597
341619
341587
341576
341548
341588
341568
341573
341587
341623
341607
341592
341628
341677
341627
341619
341594
341540
341594
341607
341591
341620
341578
341634
341618
341646
341620
341613
341634
341624
341600
341585
341626
341647
341624
341606
341623
341596
341629
341634
341578
341599
341620
341654
341588
341562
341629
341584
341576
341567
341590
341592
341613
341625
341617
341588
341556
341578
341598
341606
341601
341622
341660
341572
341616
341574
341572
341602
341633
341605
341624
341566
341537
341579
341626
341617
341630
341631
341665
341626
341621
341619
341608
341625
341636
341591
341559
341584
341585
341647
341535
341566
341663
341628
341592
341614
341646
341613
341613
341574
341606
341588
341597
341592
341689
341640
341632
341614
341574
341623
341658
341642
341625
341613
341640
341534
341633
341636
341601
341610
341615
341642
341641
341610
341606
341662
341658
341638
341603
341669
341612
341611
341668
341559
341604
341603
341598
341572
341623
341624
341650
341634
341618
341617
341637
341604
341632
341639
341641
341566
341637
341582
341598
341591
341599
341632
341632
341570
341616
341628
341608
341581
341619
341554
341601
341567
341673
341593
341572
341570
341642
341622
341600
341619
341591
341628
341653
341609
341507
341574
341581
341631
341606
341530
341590
341623
341658
341580
341644
341595
341570
341563
341579
341587
341591
341621
341569
341608
341564
341602
341579
341648
341649
341602
341604
341595
341600
341599
341625
341649
341579
341575
341612
341601
341655
341617
341615
341621
341548
341598
341648
341592
341582
341593
341626
341612
341605
341592
341557
341636
341589
341627
341577
341595
341662
341638
341608
341651
341609
341580
341628
341578
341602
341568
341644
341616
341619
341593
341572
341592
341571
341627
341621
341573
341620
341554
341669
341634
341600
341566
341621
341590
341561
341569
341582
341647
341629
341626
341629
341639
341604
341572
341634
341585
341549
341562
341589
341587
341629
341563
341544
341554
341587
341566
341609
341658
341634
341651
341620
341605
341532
341652
341557
341576
341607
341620
341629
341663
341599
341615
341571
341666
341577
341630
341615
341562
341568
341589
341653
341622
341613
341596
341607
341606
341625
341568
341580
341619
341628
341620
341602
341599
341549
341674
341616
341542
341600
341551
341597
341606
341648
341653
341641
341600
341626
341605
341632
341603
341570
341638
341600
341602
341614
341581
341591
341658
341593
341648
341570
341620
341592
341634
341625
341606
341603
341608
341559
341637
341620
341561
341626
341622
341571
