276702
276171
276559
276399
276208
276220
276505
276579
276532
276227
276329
276475
276209
276424
276636
276725
276412
276082
276323
276598
276508
276528
276462
276538
276265
276153
276211
276261
276541
276516
276176
276855
276323
276434
276540
276414
276242
276313
276647
276684
277031
276916
276182
276685
276496
276366
276686
276381
276322
276436
276486
276064
276518
276624
276638
276657
276363
276546
276364
276867
276568
276679
276646
276468
276782
276329
276525
276471
276370
276545
276726
276931
276352
276675
276520
276831
276683
276265
276409
276909
276235
276583
276239
276402
276486
276420
276400
276755
276559
276566
276657
276142
276676
276424
276514
276185
276390
276694
276165
276473
276184
276070
276472
276514
276567
276060
276251
276394
276377
276373
276191
276624
276626
276471
276611
276129
276201
276477
276519
276419
276303
276503
276387
276443
276707
276627
277156
276813
276165
276305
276579
276525
276175
276749
276680
276560
277168
276559
276467
277043
276453
276414
276430
276695
276566
277135
276320
276287
276193
276581
276078
276264
276465
276453
276530
276865
276482
276527
276813
276049
276669
276470
276934
276510
276534
276711
276410
276347
276168
276563
276594
276528
276658
276270
276316
276222
276563
276313
276225
277044
276677
276302
276486
276355
276209
276688
276698
276320
276907
276372
276264
276478
277033
276505
276699
276086
276229
276318
276646
277202
276426
276467
276603
276092
277289
276483
276493
276331
276231
276516
276846
276561
276462
276480
276425
276689
276123
276025
276596
276654
276370
276600
276584
276488
276784
276474
276474
276415
276909
276700
276159
276401
276358
276242
276438
276409
276651
276428
276906
276661
276604
276587
276395
276196
276625
276792
276569
276857
276517
276469
276177
276554
276238
276225
276275
276502
276370
276319
276368
276406
276229
276211
276045
276937
276200
276238
276415
277008
276548
276309
276553
276557
276425
276431
276099
276166
276156
276445
276119
276078
276461
276583
276832
276567
276369
276546
276518
276309
276369
276454
276599
276375
276247
276341
276348
276612
276368
276909
276177
276688
276115
276778
276624
276327
276505
276430
276825
277009
276322
276806
276645
276354
276184
276492
276428
276689
276508
276353
276717
276273
276437
276495
277015
276064
276422
276581
276439
276538
276469
276657
276825
276357
276470
276324
276619
276726
276148
276214
276439
276718
276334
276121
276368
276445
276276
276271
276343
276692
276599
276585
276123
276407
276251
276212
276541
276697
276603
276655
276913
276579
276558
276723
276318
276308
276903
276006
276431
276766
276624
276331
276727
276314
276881
276423
276633
276432
276143
276296
276464
276450
276644
276348
276048
276467
276400
276498
276441
277004
276306
276336
276314
276392
276668
276635
276653
276407
276542
276799
276233
276377
276575
276128
276644
276414
276162
277045
276400
276344
276328
276646
276380
276537
276265
276371
276394
276243
276632
276418
276557
276359
276262
276394
276226
276563
276678
276428
276330
276272
276452
276613
276192
276449
276340
276687
276630
276887
276510
276878
276337
276718
276419
276470
276518
276588
276265
276255
276162
276185
276700
276624
276549
276269
276671
276933
276496
276594
276373
276521
276542
276524
276404
276136
276369
276055
276337
276875
276696
276832
276362
276709
276680
276437
276264
277004
276263
276101
276913
276558
276489
276548
276056
276781
276539
276695
276429
277146
276612
276576
276393
276378
276408
276851
276564
276467
276532
276508
276588
276556
276696
276419
276238
276642
276432
276744
276830
276572
276259
276691
276297
276504
276489
276339
276572
276621
276179
276306
276441
276190
276906
276690
276689
276536
276086
276919
276424
276540
276815
276421
276371
276433
276454
276186
276055
276791
276295
276382
276413
276365
276434
276650
276659
276096
276318
276701
277335
276528
276208
276537
276613
276262
276443
276240
276118
276305
276544
276758
276265
276826
276044
276597
276087
276783
276433
276432
276272
276498
276741
276479
276170
276469
276411
276656
276772
276182
276623
276266
276329
276738
276273
276292
276508
276336
276330
276153
276255
276314
276361
276227
276422
276011
276569
276832
276370
276576
276211
276691
276636
276380
276364
276643
276231
276558
276314
276686
276356
276424
276168
276406
276572
276162
276325
276711
276398
276584
276701
276343
276737
276632
276952
276613
276500
276409
276105
276673
277164
276435
276535
276748
276864
276805
276201
276558
276338
276598
276301
277016
276332
276182
276631
276292
276309
276468
276359
276750
276193
276345
276282
276610
276311
276712
276339
276860
276739
276340
276584
276571
276558
276450
276534
276387
276094
276409
276488
276376
276785
276498
276223
276353
276189
276486
276351
276653
276287
276488
276736
276214
276507
276209
276972
276542
276444
276556
276446
276573
276607
276430
276532
276207
276483
276271
276478
276806
276855
276331
276825
276493
276188
275997
276208
276737
276705
276465
276597
276529
276560
276646
276240
276554
276347
276455
276813
276471
276979
276303
276533
276393
276143
277002
276393
276341
276485
276412
276541
276320
276377
276719
276281
276377
276251
276151
276533
276723
276698
276570
276384
276734
276368
276826
276872
276669
276523
276924
276554
276819
276398
276388
276717
276176
276290
276623
276572
277275
276231
276453
276178
276350
276328
276302
276712
276289
276401
276097
276363
276406
276437
276150
276231
276293
276649
276623
276679
276837
276208
276653
276087
276409
276462
276531
276565
276313
276805
276207
276598
276325
276413
276910
276185
276332
276453
276657
276428
276791
276858
277040
276354
276025
276988
276511
276309
276268
276446
276561
276271
276722
276417
276157
276700
276439
276806
276481
276490
276118
276280
276354
276438
276257
276760
276396
276329
276358
276569
276732
276411
276550
276331
276431
276736
276228
276318
276538
276298
276413
276931
276127
276118
276467
276721
276243
276458
276583
276201
276555
276634
276487
276410
276476
276661
276451
276228
276539
276293
276458
276686
276195
276431
276634
276367
276484
276698
276716
276393
276525
276286
276381
276550
276789
276207
276808
276538
276430
276792
276551
276336
276950
276644
276719
276242
276191
276532
276576
276461
276470
276186
276624
276213
276429
276338
276202
276542
276241
276622
276217
276422
276385
276322
276434
276567
276664
276404
276528
276223
276464
276414
276188
276426
276682
276717
276668
276648
276126
276406
276685
276620
276680
276463
276322
276386
276399
276437
276503
276628
276153
276908
276276
276752
276082
276506
276455
276479
276536
276350
276282
276282
276406
276132
276290
276343
276505
276860
276379
276412
276358
276297
276740
276240
276363
276760
277096
276321
276245
276570
276447
276160
276676
276302
276893
276384
276463
276335
276735
276822
276136
277184
276251
276708
276696
276575
276501
276438
276447
276396
276420
276192
276750
276868
276464
276367
276598
276342
276206
276723
276260
276702
276542
276535
276650
276626
276786
276225
276777
276562
276473
276558
276391
276313
276364
276378
276855
276687
276450
