95989
96231
96340
96042
96043
96224
96340
96148
96058
96151
96019
96273
96206
96279
96213
96300
96224
96095
96231
96228
96099
96192
96040
96371
96154
96322
96176
96151
96068
96071
96052
96231
96155
95992
96128
96187
96140
96028
96351
96067
96181
96212
96107
96006
96189
96230
96212
96213
96143
96043
96074
96129
96219
96145
96341
96149
96145
96220
96092
96048
96135
96187
96287
96078
96186
96080
96166
96112
96153
96024
96192
96173
96288
96171
96160
96154
95972
96068
96059
96057
96231
96040
95997
96124
96126
96118
96148
96160
96189
96187
96080
96158
96143
96146
96087
96144
96261
96021
96188
96174
96241
96185
96110
96045
96239
96150
96068
96120
96233
96194
95976
96159
96118
96102
96291
96100
96324
96099
96162
96101
96279
96110
96233
96151
96080
96209
96054
96229
96180
96228
96081
96030
96136
96200
96088
96075
96325
96148
96195
96226
95959
96250
96260
96113
96098
96142
96294
96195
96095
96145
96220
96201
96017
96146
96145
96100
96202
96266
96123
96088
96202
96129
96366
96108
96102
96295
96177
96046
96376
96054
96047
96143
96175
95999
96173
96350
96151
96272
96039
96313
96120
96277
96128
96331
96115
96302
96198
96170
96250
96301
96202
96014
96289
96132
96142
96108
96170
96129
96374
96168
96260
96162
96134
96114
96168
96244
96112
96033
96091
96103
96276
96188
96075
96258
96262
96128
96165
96076
96145
96076
96114
96081
96108
96191
96257
96029
96193
96206
96113
96112
96090
96079
96086
96251
96141
96176
96178
96062
96093
96156
96191
96123
96310
96067
96152
96141
96173
96152
96169
96176
96079
96070
96222
96212
96255
96237
96145
96209
96189
96095
96097
96234
96119
96330
96271
96238
96137
96176
95968
96171
96311
96133
96189
95934
96085
96073
96191
96168
96186
96300
95966
96151
96339
96162
96197
96093
96205
96120
96210
96194
96172
95994
96139
96091
96127
96241
96159
96098
96064
96201
96147
96041
96233
96243
96190
96191
96237
96110
96078
96156
96222
96321
96128
96167
96087
96143
96153
96122
96261
96076
96118
96087
96071
96071
96057
96028
96164
96211
96212
95980
95995
96059
96174
96246
96243
96117
96155
96182
96149
96075
96165
96033
96217
96054
96033
96179
96135
96210
96179
96104
96131
96097
95986
96165
96035
96172
96125
96353
96215
96276
96158
96227
96145
96151
96148
96122
96210
95980
95973
96389
96034
96064
96115
96179
96207
96033
96236
95993
96172
96226
96174
96267
96257
96093
96099
96187
96201
96225
96158
96119
96191
96187
96103
96115
96245
96244
96271
96100
96144
96190
96096
95947
96132
96133
96166
96186
96320
96036
96168
96063
96147
96048
96164
96053
96192
96147
96133
95999
96276
96304
96235
96260
96198
96214
96050
96095
96109
96213
96266
96255
96202
96067
96345
96054
96151
96301
96294
96128
96191
96229
96159
96250
96183
96217
96094
96124
96084
96034
96111
96132
96133
96200
96173
96096
96163
96170
96129
96119
96073
96111
96143
96112
96166
96096
96113
96167
96235
96065
96270
96043
96082
96213
96018
96191
96222
96186
96103
96139
96254
96219
96157
96149
96043
96188
96282
96232
96178
96263
96064
95907
96042
96222
96082
96147
96179
96083
96174
96077
96284
96111
96035
96054
96152
96045
96143
96090
96087
96320
96040
96107
96133
96332
96273
96247
96126
96187
96096
96065
96258
96035
96226
96175
96123
96079
96168
96017
96066
96119
96065
96065
96122
96014
96121
96195
96184
96218
96281
96128
96126
96111
96112
96212
96218
96278
96070
96053
96225
96248
96228
96285
96103
96113
96096
96044
96148
96211
96071
96136
96158
96174
96168
96082
96212
96026
96149
96184
96038
95993
96213
95993
96074
96155
96118
96143
96156
96219
96036
96193
96341
96095
96249
96173
96240
96234
96163
96191
96096
96183
96233
96076
96190
96232
96257
96147
96218
96138
96139
96174
96134
96043
96274
96151
96128
96113
96103
96332
96102
96172
96257
96154
96189
96184
96080
96283
96156
96050
96129
96141
96202
96213
96199
96187
96206
95962
96126
96207
96213
96237
96192
96255
96292
96194
96289
96201
96084
96257
96116
96155
96205
96181
96231
96220
96078
96075
96354
96208
96043
96315
96170
96264
96076
96091
96139
95977
96079
96086
96261
96246
96056
96338
96154
96292
96198
96227
96158
96150
96230
96212
95986
96132
96214
96106
96137
96183
96075
96149
96135
96176
96183
96065
96185
96127
96118
96043
96083
96193
96235
96057
96066
96225
96134
96007
96068
96113
96064
96247
96221
96089
96098
96086
96144
96132
96179
96018
96156
96296
96101
96082
96227
96190
96071
96100
96153
96100
96213
96249
96014
96128
96140
96081
96226
96248
96080
96367
96304
96132
96181
96158
96045
96074
96220
96178
96117
96251
96257
96014
96273
96218
95958
96187
96176
96040
96220
96226
96128
96237
96304
96158
96190
96065
96223
96219
96069
96091
96076
96150
96249
96115
96177
96065
96249
96098
96117
96108
96129
96042
96139
95999
96244
96277
96065
96074
96257
96050
96101
96250
96173
96098
96317
96251
96280
96218
96187
96129
96155
96182
96249
96256
96053
96137
96133
96061
96072
96072
96320
95943
96180
96054
96104
96147
96217
96128
96150
96199
96057
96105
96310
96114
96071
96275
96250
96228
96258
96343
96162
96186
96174
96156
95955
96150
96218
96184
96115
96149
96187
96064
96178
96166
96405
96136
96149
96118
96089
96177
96078
96118
96093
96075
96237
96111
96001
96068
96118
96151
96025
96124
96194
96088
96124
96237
96145
96175
96108
96270
96112
96306
96250
96310
96236
96107
96068
96005
96144
96099
96131
96079
96117
96050
96189
96271
96206
96233
96155
96092
96122
96146
96243
96061
96092
96039
96136
96149
96163
96125
96134
96103
96142
96170
96197
96062
95972
96192
96197
96102
96008
96229
96167
96069
96158
96180
96057
96166
96059
96291
96112
96316
95986
96261
96261
96093
96179
96182
96332
96188
96083
96050
95978
96141
96134
96028
96149
96123
96246
96184
96032
96142
96209
96052
96182
96211
96113
96047
96280
96118
96204
96215
96083
96049
96065
96101
96174
96220
96291
96076
96022
96297
96082
96083
96240
96198
96203
96342
96065
96151
96098
96155
96062
96230
96110
96152
96001
96247
96196
96283
96224
96076
96114
96122
96165
96074
96111
96210
96125
96262
96102
96238
96211
96244
96116
96083
96160
96256
96131
96146
96168
96246
96138
96331
96118
96204
96083
96180
96161
96057
96044
96160
96016
96034
96142
96085
