234902
234911
234958
234935
234915
234939
234929
234886
234981
234950
234948
234921
234931
234916
234946
234980
234959
234943
234912
234945
235003
234920
234930
234909
234939
234941
234955
234991
234958
234915
234923
234948
234924
234920
234950
234962
234942
234974
234929
234930
234916
234976
234918
234957
234923
234947
234924
234939
234954
234912
234966
234915
234955
234916
234947
234928
234915
234980
234937
234947
234915
234957
234920
234961
234948
234903
234901
234894
234935
234974
234909
234896
234915
234922
234939
234938
234944
234926
234990
234924
234934
234902
234938
234898
234956
234936
234937
234941
234927
234895
234937
234943
234906
234961
234885
234949
234966
234942
234934
234940
234965
234908
234964
234956
234910
234997
234919
234950
234904
234948
234893
234921
234966
234970
234957
234938
234910
234906
234931
234952
234930
234944
234966
234935
234902
234929
234936
234967
234931
234932
234928
234944
234920
234940
234974
234928
234970
234938
234942
234964
234889
234942
234927
234924
234945
234903
234933
234895
234903
234936
234967
234923
234920
234938
234966
234899
234977
234959
234911
234911
234965
234896
234976
234933
234957
234894
234944
234874
234936
234956
234943
234954
234916
234927
234911
234952
234952
234942
234930
234898
234939
234941
234978
234937
235006
234924
234971
234977
234927
234955
234911
234965
234973
234950
234962
234933
234964
234952
234951
234974
234909
234932
234982
234946
234944
234920
234916
234916
234967
234920
234919
234943
234927
234916
234918
234952
234940
234930
234943
234978
234913
234963
234873
234940
234943
234942
234944
234954
234921
234944
234913
234898
234952
234950
234948
234926
234928
234925
234936
234930
234876
234905
234907
234900
234943
234983
234912
234972
234941
234973
234939
234959
234968
234912
234941
234983
234962
234956
234911
234909
234942
234942
234920
234983
234959
234974
234937
234878
234965
234920
234925
234914
234953
234934
234897
234962
234910
234934
234965
234919
234897
234957
234922
234922
234945
234921
234927
234910
234919
234968
234973
234912
234908
234940
234881
234945
234914
234913
234935
234907
234931
234954
234930
234963
234916
234929
234897
234917
234951
234939
234996
234933
234946
234959
234897
234937
234946
234929
234939
234947
234941
234919
234935
234917
234953
234913
234966
234940
234875
234924
234921
234903
234963
234866
234925
234950
234905
234933
234914
234913
234921
234954
234933
234959
234925
234984
234934
234952
234921
234948
234938
234970
234970
234951
234958
234927
234924
234942
234942
234977
234937
234905
234943
234934
234927
234926
234892
234965
234923
234899
234963
234958
234961
234939
234916
234888
234962
234910
234907
234958
234939
234892
234926
234925
234957
234972
234942
234937
234937
234972
234944
234960
234913
234910
234904
234912
234948
234911
234967
234916
234972
234956
234957
234970
234891
234983
234949
234960
234945
234941
234973
234933
234911
234949
234937
234943
234982
234944
234927
234924
234955
234935
234944
234937
234921
234910
234935
234943
234921
234941
234916
234931
234933
234956
234976
234941
234926
234960
234969
234916
234943
234951
234966
234957
234934
234936
234898
234984
234930
234935
234937
234929
234932
234916
234957
234951
234951
234911
234895
234917
234932
234944
234943
234920
234953
234965
234940
234917
234978
234929
234907
234903
234947
234956
234934
234943
234919
234922
234985
234927
234920
234907
234916
234967
234893
234927
234961
234937
234921
234925
234953
234949
234968
234982
234932
234939
234962
234942
234959
234948
234937
234937
234958
234866
234946
234907
234917
234972
234997
234977
234928
234969
234930
234950
234987
234934
234928
234923
234930
234935
234939
234940
234909
234948
234914
234955
234958
234980
234927
234939
234953
234941
234883
234930
234928
234914
234932
234965
234951
234984
234895
234960
234936
234892
234959
234939
234875
234928
234971
234973
234910
234946
234911
234901
234927
234932
234905
234937
234997
234949
234961
234945
234910
234909
234919
234952
234936
234892
234959
234943
234939
234924
234941
234933
234961
234950
234968
234952
234924
234958
234960
234917
234967
234940
234930
234918
234957
234923
234912
234894
234934
234948
234932
234984
234933
234949
234932
234956
234956
234894
234901
234939
234952
234953
234904
234944
234908
234958
234918
234981
234979
234948
234917
234964
234899
234905
234952
234895
234903
234957
234981
234919
234912
234917
234946
234946
234986
234978
234950
234949
234947
234928
234971
234922
234931
234931
234921
234938
234986
234925
235002
234960
234959
234925
234893
234968
234934
234945
234962
234925
234910
234931
234936
234877
234909
234960
234903
234945
234914
234914
234947
234936
234919
234986
234969
234901
234969
234929
234951
234964
234910
234877
234908
234949
234893
234918
234930
234914
234921
234904
234927
234912
234978
234910
234938
234969
234986
234917
234900
234932
234912
234905
234969
234927
234955
234983
234917
234924
234945
234938
234954
234906
234958
234946
234950
234892
234950
234950
234961
234911
234912
234921
234953
234960
234964
234938
234964
234928
234924
234991
234986
234918
234926
234999
234948
234915
234969
234951
234967
234917
234944
234926
234945
234953
234952
234972
235002
234995
234911
234920
234960
234937
234940
234913
234962
234957
234958
234948
234918
234919
234923
234952
234886
234933
234963
234978
234975
234923
234837
234918
234961
234886
234931
234877
234929
234926
234910
234940
234957
234963
234932
234911
234971
234981
234955
234938
234908
234977
234993
234947
234909
234953
234926
234945
234935
234955
234953
234923
234956
234941
234906
234928
235011
234936
234974
234934
235003
234925
234924
234948
234960
234940
234930
234935
234919
234941
234956
234897
234930
234969
234936
234918
234991
234889
234915
234926
234985
234915
234943
234940
234900
234964
234942
234873
234879
234910
234974
234923
234941
234955
234911
234978
234880
234943
234947
234922
234943
234939
234918
234980
234899
234853
234920
234923
234906
234938
234917
234927
234919
235014
234929
234895
234917
234932
234976
234979
234905
234944
234965
234889
234942
234924
234886
234927
234943
234943
234950
234934
234931
234940
234978
234934
234961
234936
234880
234904
234885
234954
234918
234978
234940
234946
234956
234904
234921
234963
234889
234942
234931
234906
234935
234909
234947
234928
234977
234931
234940
234927
234920
234896
234919
234910
234940
234916
234924
234959
234925
234946
234945
234948
234890
234900
234967
234919
234951
234945
234923
234921
234969
234966
234974
234922
234921
234922
234944
234954
234947
234932
234926
234948
234953
234926
234916
234924
234955
234964
234961
234940
234926
234938
234978
234949
234935
234919
234879
234973
234895
234900
234929
234974
234997
234934
234911
234922
234917
234918
234931
234960
234960
234926
234942
234878
234945
234924
234942
234940
234928
234963
234954
234926
234958
234948
234922
234953
234936
234997
234925
234949
234960
234915
234944
234946
234941
234920
234906
234908
234962
234934
234930
234918
234951
234915
234915
234905
234967
234952
234971
234902
234998
234970
