7234
7242
7241
7243
7227
7235
7237
7240
7237
7242
7235
7235
7235
7238
7240
7241
7237
7255
7231
7239
7239
7234
7239
7237
7239
7238
7241
7236
7230
7232
7247
7242
7239
7239
7234
7239
7245
7237
7236
7239
7237
7246
7249
7243
7239
7250
7246
7238
7246
7237
7242
7246
7236
7241
7237
7240
7238
7245
7244
7233
7239
7231
7237
7244
7240
7240
7240
7241
7233
7242
7241
7240
7236
7237
7238
7229
7247
7244
7239
7251
7250
7226
7237
7249
7232
7232
7235
7233
7242
7230
7240
7234
7238
7240
7238
7245
7240
7228
7244
7237
7231
7235
7230
7247
7250
7239
7235
7230
7237
7238
7239
7230
7236
7239
7232
7239
7235
7230
7238
7242
7244
7237
7239
7236
7240
7239
7247
7240
7234
7234
7237
7245
7241
7239
7236
7232
7234
7239
7232
7235
7240
7234
7244
7245
7231
7234
7225
7234
7241
7230
7240
7243
7241
7227
7232
7243
7241
7238
7233
7237
7234
7235
7243
7233
7239
7235
7240
7233
7239
7239
7239
7252
7233
7237
7242
7243
7229
7243
7247
7244
7240
7245
7251
7239
7247
7231
7246
7239
7231
7243
7238
7240
7231
7235
7239
7251
7234
7235
7229
7245
7231
7251
7234
7241
7243
7232
7242
7245
7237
7241
7236
7237
7236
7240
7243
7231
7242
7239
7245
7232
7242
7239
7237
7229
7239
7244
7249
7235
7228
7234
7249
7241
7234
7228
7230
7234
7235
7236
7225
7239
7232
7234
7234
7245
7235
7244
7239
7239
7234
7240
7236
7230
7240
7231
7242
7247
7244
7244
7227
7242
7242
7238
7241
7240
7235
7230
7247
7245
7249
7244
7241
7241
7244
7236
7242
7246
7238
7233
7241
7242
7242
7243
7246
7238
7239
7238
7242
7233
7247
7241
7235
7235
7236
7246
7239
7235
7231
7234
7237
7238
7228
7243
7238
7237
7244
7235
7242
7246
7233
7241
7238
7241
7236
7237
7244
7245
7231
7238
7237
7245
7230
7240
7245
7234
7241
7237
7238
7232
7235
7236
7241
7241
7230
7235
7249
7245
7229
7243
7241
7233
7248
7232
7227
7238
7247
7228
7238
7240
7237
7238
7237
7245
7245
7247
7245
7235
7241
7248
7238
7239
7241
7229
7246
7242
7242
7247
7241
7237
7232
7230
7244
7225
7237
7242
7242
7238
7230
7246
7242
7243
7247
7240
7243
7241
7233
7240
7240
7240
7239
7234
7236
7226
7226
7237
7225
7239
7229
7236
7228
7243
7232
7236
7248
7234
7244
7247
7237
7233
7241
7241
7229
7238
7234
7237
7238
7243
7233
7237
7244
7229
7241
7245
7233
7237
7238
7239
7245
7244
7239
7231
7239
7230
7242
7243
7237
7246
7238
7238
7250
7233
7231
7234
7230
7236
7230
7242
7239
7235
7233
7239
7242
7228
7230
7236
7235
7237
7240
7226
7242
7238
7244
7234
7247
7227
7240
7237
7228
7238
7235
7236
7248
7237
7246
7237
7234
7238
7236
7239
7234
7242
7242
7226
7236
7238
7243
7232
7230
7232
7235
7238
7241
7229
7243
7253
7248
7230
7245
7245
7242
7241
7238
7239
7236
7232
7242
7233
7240
7230
7237
7242
7232
7252
7235
7242
7236
7228
7239
7230
7240
7237
7237
7234
7241
7229
7233
7241
7246
7243
7235
7240
7245
7229
7239
7249
7232
7248
7254
7233
7231
7245
7231
7239
7235
7237
7235
7236
7239
7239
7237
7234
7231
7238
7232
7237
7248
7237
7242
7241
7240
7234
7240
7244
7231
7232
7241
7232
7240
7253
7242
7234
7247
7238
7227
7240
7236
7247
7237
7235
7231
7251
7241
7237
7237
7239
7231
7236
7246
7231
7241
7244
7228
7235
7249
7240
7232
7235
7238
7248
7231
7240
7242
7249
7241
7245
7241
7244
7241
7236
7243
7250
7232
7250
7239
7231
7241
7233
7234
7236
7230
7239
7249
7226
7231
7233
7241
7234
7232
7245
7234
7238
7234
7253
7234
7231
7235
7247
7240
7240
7238
7247
7240
7237
7245
7230
7228
7236
7241
7237
7242
7238
7249
7229
7237
7233
7226
7249
7231
7235
7235
7235
7241
7248
7237
7241
7235
7235
7243
7232
7238
7245
7247
7243
7238
7243
7232
7233
7238
7240
7228
7227
7238
7227
7239
7234
7244
7243
7237
7239
7238
7250
7239
7235
7235
7240
7243
7242
7247
7240
7239
7237
7224
7240
7238
7238
7235
7237
7240
7240
7242
7238
7239
7236
7244
7239
7239
7242
7241
7236
7239
7239
7233
7248
7239
7230
7227
7231
7241
7247
7247
7230
7236
7237
7240
7238
7231
7234
7237
7240
7234
7244
7243
7245
7234
7230
7234
7239
7240
7236
7236
7243
7237
7239
7238
7235
7237
7232
7239
7238
7244
7233
7244
7236
7240
7242
7237
7243
7240
7244
7236
7241
7240
7240
7241
7240
7233
7235
7237
7242
7237
7237
7239
7237
7237
7234
7250
7241
7240
7227
7233
7233
7244
7250
7242
7243
7236
7241
7237
7245
7235
7244
7239
7237
7243
7240
7243
7238
7235
7236
7232
7235
7234
7247
7240
7242
7250
7235
7245
7236
7238
7247
7245
7241
7237
7243
7247
7235
7247
7240
7246
7243
7230
7244
7234
7246
7230
7237
7237
7238
7229
7241
7236
7239
7243
7242
7236
7244
7234
7237
7233
7252
7235
7245
7231
7241
7230
7244
7241
7241
7231
7245
7236
7241
7237
7241
7243
7231
7235
7240
7231
7239
7229
7249
7234
7243
7244
7240
7225
7233
7233
7248
7247
7234
7237
7236
7248
7233
7229
7236
7240
7232
7238
7234
7237
7230
7241
7231
7234
7247
7250
7237
7232
7232
7241
7246
7234
7234
7234
7245
7238
7238
7238
7232
7241
7245
7241
7242
7228
7236
7244
7237
7238
7237
7239
7238
7238
7249
7243
7247
7245
7243
7245
7242
7242
7225
7242
7235
7243
7237
7243
7240
7245
7238
7243
7233
7238
7242
7243
7242
7237
7238
7240
7250
7233
7245
7237
7242
7251
7243
7232
7240
7237
7240
7241
7243
7233
7249
7241
7243
7245
7241
7240
7244
7243
7243
7234
7241
7242
7249
7241
7236
7246
7249
7248
7241
7240
7231
7240
7235
7236
7234
7239
7240
7234
7238
7238
7245
7234
7244
7244
7239
