46996
47176
47221
46971
47053
47117
47239
47093
47019
47054
46989
47151
47153
47193
47102
47198
47155
47028
47095
47162
47051
47088
46947
47295
47110
47260
47119
47093
47001
46999
47014
47082
47046
46938
47086
47133
47105
46923
47277
46983
47124
47117
47076
46963
47151
47080
47188
47133
47094
47015
46998
47048
47167
47071
47303
47084
47069
47114
47032
46961
47074
47035
47202
46938
47154
47033
47128
47059
47063
46937
47131
47134
47212
47055
47041
47032
46937
47045
47048
47060
47090
46966
46979
47038
47076
47033
47109
47132
47060
47137
47054
47111
47080
47068
47049
47071
47202
46972
47143
47105
47141
47103
47038
47025
47167
47124
46993
47072
47169
47157
46946
47071
47115
47064
47184
47046
47233
47079
47057
46992
47202
47039
47135
47099
46983
47158
47022
47120
47073
47106
47032
47000
47084
47084
47017
47014
47235
47095
47071
47082
46961
47163
47153
47030
47065
47054
47292
47163
46984
46992
47119
47179
46948
47087
47099
47098
47140
47162
47103
47000
47159
47055
47278
47063
47042
47259
47088
46968
47281
47002
46984
47077
47045
46935
47086
47250
47087
47195
46976
47206
47052
47229
47077
47221
47016
47170
47021
47107
47142
47216
47085
46947
47171
47085
47056
47024
47110
47054
47309
47125
47157
47095
47088
47101
47076
47160
47015
46976
47028
47046
47171
47077
47077
47102
47143
46997
47064
46975
47043
47036
47035
47030
47003
47100
47128
46922
47149
47109
47007
47053
47008
47028
47049
47142
47032
47098
47123
46941
47041
47085
47107
46995
47200
46935
47101
47036
47129
47115
47120
47127
47022
46996
47096
47062
47186
47075
47041
47125
47131
47037
47065
47130
47034
47213
47183
47117
47127
47061
46935
47107
47196
47047
47099
46901
46983
47065
47132
47072
47093
47226
46933
47046
47201
47064
47079
46997
47141
47021
47137
47060
47086
46964
47071
47089
47143
47118
47115
47070
46991
47110
47095
46996
47147
47140
47070
47145
47100
47057
47004
47060
47121
47252
47048
47171
47033
47104
47119
46973
47175
47030
47025
47007
47023
47003
47035
47019
47060
47171
47160
46956
46963
46940
47092
47126
47159
47104
47050
47106
47043
46973
47151
46981
47179
46952
46931
47096
47082
47120
47020
47012
47023
47028
46947
47075
47022
47002
47042
47299
47101
47196
47077
47111
47118
47091
47098
47015
47220
46966
46946
47327
46988
47046
47033
47162
47093
46992
47156
46950
47092
47179
47082
47122
47138
47027
47080
47105
47138
47106
47108
47082
47111
47074
47038
47023
47118
47118
47203
47034
47061
47130
47038
46916
47033
47072
47065
47082
47222
46972
47030
47058
47085
47029
47048
46982
47139
47115
47034
46975
47190
47206
47211
47151
47150
47152
46983
47050
47010
47115
47198
47148
47136
47007
47181
46985
47120
47213
47151
47050
47092
47091
47108
47157
47135
47130
47035
47058
46998
47035
46973
47038
47050
47161
47097
47029
47061
47095
47067
47078
46978
47106
47057
47048
47049
47056
47042
47111
47151
47005
47209
46975
47031
47169
46968
47140
47219
47105
47041
47084
47149
47150
47083
47092
46984
47128
47204
47128
47120
47171
47043
46891
46978
47125
46971
47044
47137
46994
47110
47042
47220
47038
46968
46992
47096
46983
47105
47001
47024
47216
47043
47115
47071
47247
47186
47208
47029
47096
47037
46969
47186
46957
47116
47031
47056
47144
47069
46986
47021
47031
47042
47010
47083
46940
47064
47141
47097
47094
47208
47110
47041
47045
47023
47208
47077
47134
47038
47021
47156
47185
47203
47195
47033
46968
46983
46985
47095
47141
46998
47063
47109
47113
47110
46966
47166
46997
47076
47089
47043
46933
47130
46953
47053
47085
47068
47015
47094
47086
46966
47041
47260
47087
47113
47044
47161
47143
47107
47070
47045
47136
47091
46965
47083
47210
47169
47037
47070
47073
47035
47048
47114
47017
47216
47092
47035
47065
47023
47203
47077
47083
47104
47036
47073
47091
46966
47242
47062
46994
47051
47073
47134
47134
47133
47146
47138
46918
47050
47084
47132
47185
47186
47184
47150
47133
47233
47097
47023
47202
47012
47083
47160
47111
47097
47150
47014
47029
47150
47142
47032
47238
47089
47207
47050
47082
47081
46938
46993
47043
47157
47154
47021
47217
47093
47216
47143
47109
47109
47029
47127
47098
46958
47055
47159
47035
47045
47097
47017
47036
47074
47060
47159
47048
47149
47064
47056
47012
47032
47079
47130
46978
47050
47192
47105
46948
47061
47044
47062
47172
47118
47007
47009
47012
47038
47057
47084
47000
47035
47187
46993
47006
47192
47169
47019
47062
47055
47054
47155
47139
46995
47091
47108
47021
47150
47127
47018
47232
47243
47039
47102
47124
46993
46982
47161
47093
47032
47161
47176
47006
47178
47111
46972
47158
47073
47021
47169
47163
47055
47172
47204
47096
47077
46985
47174
47057
47016
47074
47050
47109
47169
47038
47063
47042
47132
47062
47051
47075
47076
46975
47003
46944
47057
47167
46986
47040
47161
46938
46988
47166
47000
47034
47224
47204
47188
47132
47124
46999
46987
47033
47151
47134
47040
47053
47071
47003
46973
46998
47200
46962
47141
46970
46986
47029
47101
47046
47064
47244
46983
47044
47210
47072
46983
47157
47217
47206
47160
47244
47051
47096
47124
47072
46955
47073
47159
47090
47141
47157
47105
46993
47006
47128
47310
47049
47079
47063
47053
47076
47091
46988
47018
47046
47153
47067
47003
46999
47053
47057
47008
47030
47102
46948
47066
47120
47097
47080
47031
47182
47062
47215
47176
47196
47148
47060
47005
46982
47060
47073
47029
47053
47077
47009
47131
47189
47097
47186
47095
47000
47112
47091
47196
47005
47080
46982
47041
47012
47101
47081
46984
47029
47068
47124
47110
46976
46973
47165
47155
47041
46898
47123
47117
47004
47103
47019
46988
47051
47046
47169
47020
47151
46939
47191
47188
47021
47035
47094
47248
47100
46963
46957
46946
47022
47079
47041
47104
47083
47167
47130
46965
47100
47073
47028
47064
47113
47042
47053
47142
47037
47074
47165
47119
46974
46988
47057
47093
47159
47203
47004
46954
47192
46982
47009
47174
47168
47070
47226
47021
47129
47030
47053
46965
47183
46997
47124
47017
47103
47150
47189
47130
47056
47059
47085
47137
47014
46991
47145
46984
47118
47072
47113
47154
47138
47126
47042
47102
47201
47088
47114
46993
47163
47044
47244
47037
47182
47017
47060
47122
46934
46984
47120
47031
47006
47070
46976
