6382
6372
6374
6365
6369
6372
6387
6364
6376
6381
6375
6388
6379
6385
6378
6366
6379
6376
6373
6377
6378
6378
6371
6382
6376
6380
6368
6375
6376
6368
6370
6363
6367
6362
6379
6387
6384
6367
6367
6366
6387
6367
6381
6377
6394
6372
6373
6364
6379
6357
6371
6369
6367
6374
6380
6367
6371
6378
6367
6355
6384
6399
6374
6373
6384
6382
6373
6376
6371
6374
6365
6367
6378
6378
6365
6371
6382
6387
6375
6376
6383
6378
6374
6381
6389
6370
6384
6374
6373
6371
6378
6369
6363
6384
6380
6364
6373
6382
6372
6370
6365
6383
6376
6383
6367
6377
6368
6373
6373
6377
6368
6388
6375
6379
6381
6386
6359
6374
6374
6390
6372
6386
6368
6373
6381
6373
6367
6390
6379
6371
6366
6374
6377
6375
6368
6377
6361
6380
6368
6373
6379
6380
6367
6371
6376
6372
6369
6382
6368
6358
6373
6389
6377
6371
6369
6362
6384
6374
6365
6370
6376
6369
6379
6364
6376
6379
6387
6367
6379
6374
6375
6358
6376
6378
6376
6373
6384
6372
6369
6376
6375
6362
6380
6359
6375
6371
6364
6371
6371
6378
6370
6377
6385
6375
6385
6376
6371
6375
6380
6381
6389
6372
6374
6364
6376
6382
6386
6377
6365
6373
6377
6373
6373
6368
6379
6384
6366
6372
6376
6365
6374
6376
6379
6378
6372
6372
6385
6367
6372
6383
6368
6371
6385
6371
6365
6380
6380
6383
6372
6369
6385
6378
6386
6387
6367
6378
6371
6373
6373
6377
6380
6381
6375
6373
6383
6383
6378
6380
6372
6394
6391
6370
6366
6370
6373
6375
6364
6370
6379
6378
6382
6370
6367
6370
6379
6371
6377
6372
6371
6375
6375
6373
6379
6385
6370
6379
6373
6375
6366
6377
6388
6384
6366
6364
6362
6396
6389
6383
6378
6363
6386
6369
6369
6369
6368
6378
6372
6367
6372
6370
6383
6380
6373
6366
6375
6384
6384
6382
6373
6373
6379
6374
6378
6378
6369
6372
6359
6377
6371
6374
6372
6376
6367
6372
6382
6372
6376
6381
6372
6377
6373
6365
6376
6377
6372
6369
6376
6377
6373
6355
6382
6381
6366
6370
6372
6377
6371
6370
6385
6367
6376
6369
6360
6371
6370
6369
6382
6381
6377
6375
6372
6372
6371
6377
6382
6370
6370
6371
6371
6370
6366
6389
6381
6379
6387
6376
6366
6383
6393
6373
6371
6381
6374
6377
6367
6377
6360
6377
6367
6376
6378
6377
6385
6369
6373
6370
6377
6379
6371
6367
6359
6379
6369
6373
6378
6381
6380
6369
6374
6367
6385
6376
6375
6377
6374
6370
6381
6376
6374
6375
6378
6369
6372
6365
6386
6381
6380
6373
6391
6375
6371
6367
6369
6382
6378
6383
6376
6375
6385
6372
6374
6374
6373
6380
6370
6380
6377
6376
6390
6365
6386
6389
6372
6374
6368
6374
6380
6385
6373
6364
6378
6379
6387
6378
6359
6379
6379
6365
6380
6374
6378
6377
6371
6372
6381
6383
6382
6360
6373
6366
6373
6361
6385
6363
6371
6376
6372
6377
6375
6377
6376
6370
6379
6370
6367
6372
6374
6365
6384
6376
6367
6393
6374
6382
6375
6377
6376
6364
6375
6377
6368
6372
6370
6362
6378
6371
6371
6378
6377
6382
6378
6380
6366
6381
6364
6374
6374
6379
6385
6365
6374
6366
6373
6372
6375
6369
6375
6373
6379
6376
6372
6367
6373
6375
6368
6364
6382
6386
6372
6374
6376
6384
6381
6379
6386
6369
6365
6376
6366
6384
6370
6382
6382
6369
6378
6366
6375
6381
6384
6385
6364
6365
6365
6386
6382
6373
6385
6376
6378
6369
6373
6373
6385
6375
6366
6362
6365
6390
6379
6376
6366
6367
6369
6383
6380
6368
6374
6374
6377
6377
6374
6375
6394
6368
6364
6381
6368
6369
6365
6378
6373
6379
6367
6364
6361
6381
6371
6364
6388
6369
6374
6390
6372
6388
6380
6376
6377
6364
6387
6366
6376
6379
6365
6360
6371
6375
6373
6376
6375
6378
6372
6362
6378
6379
6368
6378
6366
6368
6377
6363
6379
6370
6376
6370
6388
6372
6372
6372
6381
6386
6362
6365
6382
6356
6378
6378
6368
6367
6373
6367
6372
6365
6380
6374
6358
6370
6374
6380
6370
6371
6374
6381
6373
6364
6374
6378
6375
6381
6367
6370
6378
6385
6384
6372
6376
6369
6382
6383
6374
6366
6366
6379
6375
6367
6374
6369
6372
6396
6373
6376
6371
6377
6379
6373
6376
6368
6377
6370
6382
6369
6390
6371
6370
6374
6377
6366
6367
6375
6375
6380
6365
6372
6366
6371
6371
6376
6384
6373
6375
6375
6370
6381
6366
6379
6379
6367
6380
6370
6377
6382
6376
6381
6371
6370
6383
6376
6377
6375
6377
6374
6370
6380
6377
6381
6384
6367
6369
6374
6373
6377
6373
6378
6378
6378
6382
6385
6381
6367
6376
6360
6375
6369
6371
6375
6377
6383
6370
6373
6378
6365
6366
6372
6369
6376
6382
6377
6374
6377
6388
6365
6385
6387
6377
6382
6377
6380
6361
6377
6373
6371
6372
6370
6375
6363
6372
6384
6361
6376
6377
6390
6376
6378
6375
6365
6379
6375
6371
6374
6365
6365
6380
6361
6382
6369
6370
6371
6383
6375
6376
6365
6368
6373
6369
6385
6374
6374
6370
6366
6375
6381
6385
6380
6381
6369
6376
6370
6375
6365
6368
6372
6375
6374
6376
6373
6378
6378
6361
6373
6386
6377
6372
6364
6383
6360
6370
6381
6384
6373
6375
6373
6372
6366
6373
6380
6373
6375
6371
6369
6385
6378
6370
6377
6377
6379
6368
6366
6372
6371
6363
6362
6374
6366
6385
6373
6367
6377
6370
6371
6358
6369
6373
6364
6378
6373
6369
6382
6385
6368
6372
6376
6367
6369
6373
6388
6380
6382
6380
6370
6376
6376
6379
6384
6382
6381
6372
6376
6386
6378
6375
6376
6372
6386
6376
6383
6369
6376
6381
6394
6379
6360
6380
6374
6370
6379
6392
6370
6382
6398
6379
6373
6379
6371
6380
6377
6393
6372
6373
6371
6371
6362
6371
6381
6384
6380
6374
6373
6374
6375
6360
6375
6371
6383
6369
6370
6374
6375
6370
6378
6363
6368
