11462
11465
11450
11458
11448
11455
11454
11450
11445
11464
11460
11467
11448
11447
11454
11459
11456
11473
11457
11448
11463
11459
11456
11455
11455
11453
11453
11450
11449
11466
11454
11448
11461
11448
11450
11461
11464
11460
11451
11459
11451
11467
11460
11461
11450
11463
11457
11443
11469
11460
11452
11459
11463
11461
11447
11452
11459
11460
11459
11458
11451
11454
11456
11458
11452
11457
11455
11447
11450
11467
11458
11458
11450
11472
11438
11462
11460
11449
11454
11456
11464
11470
11453
11457
11450
11452
11463
11467
11459
11465
11448
11469
11451
11451
11466
11448
11447
11458
11469
11448
11455
11452
11462
11443
11460
11456
11450
11451
11447
11468
11456
11464
11465
11457
11465
11464
11462
11460
11450
11454
11464
11452
11467
11462
11456
11446
11457
11449
11445
11457
11462
11445
11473
11456
11458
11458
11472
11458
11459
11456
11457
11462
11450
11464
11452
11457
11452
11450
11450
11449
11446
11456
11446
11460
11447
11457
11452
11456
11478
11459
11450
11461
11444
11463
11474
11461
11454
11444
11451
11443
11460
11452
11457
11475
11445
11461
11450
11450
11452
11466
11460
11454
11458
11454
11448
11458
11471
11458
11465
11467
11456
11462
11467
11460
11456
11459
11447
11466
11463
11445
11465
11461
11468
11451
11450
11459
11455
11456
11460
11451
11460
11453
11454
11451
11450
11456
11459
11458
11466
11452
11447
11441
11458
11454
11446
11457
11451
11461
11462
11461
11451
11456
11469
11459
11462
11459
11448
11466
11462
11446
11454
11448
11467
11449
11466
11466
11450
11460
11464
11453
11460
11457
11445
11456
11449
11438
11462
11468
11461
11456
11454
11449
11449
11442
11462
11456
11469
11447
11453
11461
11459
11456
11454
11467
11454
11452
11451
11461
11467
11457
11465
11442
11449
11457
11451
11443
11460
11448
11459
11458
11458
11457
11455
11460
11456
11458
11466
11446
11450
11457
11460
11454
11458
11452
11457
11463
11461
11463
11458
11471
11462
11449
11461
11459
11447
11466
11454
11444
11456
11457
11461
11464
11449
11463
11466
11463
11451
11453
11453
11449
11452
11463
11462
11466
11473
11450
11451
11449
11451
11453
11454
11446
11464
11452
11456
11457
11449
11454
11445
11461
11465
11461
11450
11470
11448
11449
11448
11453
11467
11452
11457
11455
11459
11451
11461
11464
11453
11456
11454
11448
11453
11458
11459
11456
11452
11453
11445
11451
11451
11445
11461
11459
11450
11447
11448
11453
11440
11444
11462
11462
11456
11460
11457
11470
11454
11474
11452
11465
11462
11459
11446
11461
11450
11457
11450
11459
11452
11456
11450
11452
11454
11448
11468
11451
11444
11454
11454
11451
11463
11475
11459
11453
11466
11453
11457
11458
11456
11451
11459
11443
11450
11455
11464
11458
11450
11451
11455
11450
11470
11461
11451
11458
11458
11463
11446
11453
11457
11461
11457
11448
11452
11457
11455
11469
11455
11448
11454
11441
11453
11453
11471
11467
11447
11448
11459
11451
11468
11454
11449
11464
11445
11454
11461
11455
11458
11445
11449
11452
11457
11461
11463
11464
11453
11461
11459
11451
11470
11446
11445
11459
11470
11451
11445
11461
11456
11468
11456
11456
11461
11455
11453
11454
11467
11468
11446
11458
11453
11442
11450
11457
11447
11472
11453
11452
11454
11462
11450
11460
11451
11469
11463
11463
11460
11470
11457
11449
11461
11460
11456
11454
11450
11455
11452
11461
11452
11447
11443
11452
11447
11465
11447
11465
11458
11459
11459
11454
11455
11454
11452
11469
11462
11452
11448
11447
11459
11466
11464
11451
11454
11455
11451
11462
11463
11458
11480
11448
11456
11459
11445
11459
11454
11451
11451
11456
11443
11455
11461
11455
11457
11465
11458
11451
11464
11457
11448
11459
11462
11467
11447
11462
11446
11464
11465
11453
11451
11458
11454
11460
11452
11453
11469
11464
11463
11456
11451
11436
11437
11463
11460
11460
11461
11462
11447
11464
11455
11451
11463
11458
11460
11450
11460
11459
11454
11475
11468
11454
11452
11461
11458
11452
11445
11458
11460
11445
11469
11444
11461
11464
11466
11465
11458
11462
11455
11460
11454
11447
11461
11453
11460
11456
11462
11454
11457
11460
11453
11461
11447
11463
11457
11453
11457
11455
11459
11452
11469
11449
11452
11464
11462
11464
11462
11456
11447
11448
11458
11455
11469
11459
11454
11458
11444
11470
11446
11462
11461
11452
11448
11479
11465
11431
11464
11456
11450
11460
11447
11461
11468
11446
11458
11453
11449
11449
11452
11464
11463
11461
11467
11451
11441
11462
11456
11452
11459
11461
11469
11452
11456
11450
11459
11453
11464
11462
11468
11459
11469
11452
11469
11454
11450
11446
11455
11460
11454
11450
11462
11452
11466
11459
11443
11483
11453
11458
11464
11468
11449
11458
11459
11454
11460
11459
11452
11450
11445
11455
11455
11446
11449
11459
11446
11458
11462
11457
11460
11452
11448
11452
11462
11468
11457
11459
11462
11450
11452
11461
11467
11469
11459
11450
11448
11459
11450
11454
11456
11460
11469
11458
11455
11468
11458
11457
11463
11453
11452
11461
11473
11463
11452
11450
11454
11462
11459
11462
11453
11453
11469
11452
11449
11448
11463
11461
11455
11462
11460
11450
11455
11463
11447
11457
11450
11458
11458
11444
11449
11451
11452
11466
11463
11452
11454
11455
11452
11464
11470
11456
11453
11441
11456
11464
11454
11454
11453
11458
11450
11453
11460
11464
11462
11452
11457
11460
11461
11441
11444
11448
11460
11452
11457
11454
11468
11456
11475
11467
11451
11465
11455
11452
11449
11450
11450
11452
11454
11451
11460
11449
11455
11468
11453
11448
11453
11453
11459
11465
11446
11445
11460
11469
11459
11456
11464
11455
11454
11457
11453
11450
11468
11457
11462
11445
11453
11452
11447
11459
11464
11451
11449
11452
11447
11455
11456
11451
11457
11455
11466
11456
11454
11455
11456
11465
11466
11444
11463
11454
11457
11459
11465
11467
11464
11454
11462
11451
11453
11468
11460
11453
11454
11450
11448
11464
11445
11449
11457
11449
11462
11450
11458
11457
11434
11454
11457
11454
11445
11470
11455
11460
11456
11459
11452
11458
11464
11451
11458
11449
11464
11457
11444
11458
11455
11459
11450
11436
11460
11468
11458
11460
11471
11452
11448
11460
11454
11446
11464
11458
11460
11465
11467
11460
11458
11451
11464
11455
11457
11459
11445
11465
11453
11467
11448
11463
11453
11453
