134937
135023
135030
134936
135077
135129
135069
134917
134949
134912
134905
135074
134972
135059
134930
134932
134986
134931
135033
134953
135044
135032
134941
134916
135038
135027
134998
134950
135031
135098
135020
134986
135026
134999
135002
135029
135003
134878
135013
134948
134947
135028
135125
135164
135005
134839
134939
134977
135130
135091
134922
135168
134980
135047
135047
135007
134952
135053
135007
135153
134926
135072
135062
135052
134987
135223
134980
134943
134930
135030
134935
135047
135045
134883
134887
135202
134910
134960
134995
135090
134825
134885
134901
134912
134955
134933
134918
134951
134927
134843
134971
135058
135069
135066
135072
134980
135032
134972
135004
134966
134929
135037
135082
135110
134998
134862
134959
134869
134987
134888
134876
134977
135097
135101
134947
134882
135020
135042
135014
135097
134953
135015
135069
134940
134999
134896
134872
134927
135057
135076
134954
135065
135150
134990
134972
134869
135026
134896
135057
135026
135086
135005
134892
134967
135061
134935
134947
134961
135009
134979
134910
134911
135121
134897
134989
134904
135074
135002
135059
135083
134959
134953
135023
134916
135084
134945
135100
134939
134947
135007
134878
135078
134956
134977
135004
134931
135042
134944
134877
135010
134922
135100
134921
135057
135013
134957
135115
134979
135064
135126
135110
134945
134949
134931
135100
135071
135001
135000
134912
134909
135106
135086
134910
134973
134952
134974
135129
134833
135057
134964
135000
134957
135056
135025
135005
135145
135049
134923
134969
134990
134914
135217
135019
134995
134934
134962
135003
134887
135087
134951
135037
134975
135089
135065
134903
135027
135028
135213
134884
134906
134994
135010
135006
135074
134882
134959
134899
134989
134963
134931
134860
134987
134948
134885
134999
135073
135093
135027
134949
135039
134955
135028
134987
135149
135168
134924
135039
135067
135007
134903
135149
134930
135155
134986
134985
135008
135034
135048
135147
134975
135034
134886
134962
134979
134944
134863
134944
135040
135100
134942
134968
135048
135013
134877
134866
134965
134969
134927
135012
135168
135030
134865
134961
135031
134963
135080
134980
135050
134989
134992
134969
135015
134880
134897
134935
134919
135127
134998
135021
135058
135011
135179
134887
135026
134975
134994
135049
135008
134905
135140
135121
134975
135030
135042
134942
134904
135131
134930
135126
135026
134957
135003
134911
134838
135069
134985
135082
135077
135001
135145
135052
134951
135007
134893
134851
135041
134950
135119
134983
134987
134879
134920
135013
134895
134895
134941
134989
135000
134991
135033
134929
135004
135049
135167
134974
135131
135025
134873
135026
134998
135010
134843
134880
134890
134989
135126
134951
135073
135135
134931
135076
134961
134991
135026
134956
135007
135020
135040
135188
134919
135016
134971
135107
135064
134960
135024
134945
134969
135015
134912
134951
135010
135094
134901
134960
135034
134898
134965
134951
134923
135218
134909
134949
134986
134940
134967
135073
135045
135112
134886
134949
135002
135068
135060
134911
135063
135020
135116
134996
135013
135108
135071
135016
134913
135012
135113
134965
134995
134931
134964
134907
134984
135004
135025
135007
135002
135011
135075
134978
135114
134969
134956
134980
134949
134962
134970
135000
134965
134871
135050
135005
134968
135024
135041
134912
135100
134991
134968
134939
134983
135090
134966
134964
134991
134961
134967
135010
135022
135006
134948
134866
135002
135026
135034
134997
135037
135099
134886
135021
134975
134881
134969
134962
135045
134917
135006
135055
135047
135026
134881
135166
135130
134991
135025
134975
134999
135056
134981
135091
134950
135008
135043
134965
134979
134912
135088
135060
134965
135028
134917
134957
135021
134850
135210
135022
134973
134944
135085
134996
135105
135005
134927
135000
135138
134946
134953
134974
135074
134894
135114
134937
134882
134997
134983
134936
134904
134938
135004
135114
134925
134945
134957
134995
134923
135020
135040
134900
135022
134989
134963
135001
134951
135015
134975
135137
134938
134934
135086
135011
134881
134901
134930
135048
135080
134941
135071
135144
135028
135098
135064
134953
134988
135084
134989
135149
135028
134952
135116
135204
134948
134901
134999
134950
134946
135046
134881
134991
134929
134959
135037
134978
134933
134939
134889
135015
134988
134862
135089
135004
134962
134832
134955
135046
134987
135028
134940
135003
134975
134877
134903
134926
134932
134974
134930
134934
135075
135065
134903
134847
135057
134989
134985
134927
134999
134966
134969
135097
134949
134928
134977
135010
134866
135229
135077
134967
134880
134900
135026
135043
135009
134929
135083
135028
135050
135049
135012
135036
135007
134983
134975
135070
134959
134964
135076
135015
134869
135026
135068
135056
135103
134953
135075
135084
135062
135080
135027
135091
135073
135110
134992
135055
134928
135047
134957
134932
134931
135008
134956
135034
135000
134943
134928
135003
134984
135050
134960
135049
135032
135162
134873
134975
134945
135122
135089
134943
135069
135049
135009
135092
135024
134863
135075
135009
134932
135005
134953
134932
134957
134936
135055
135047
135119
134940
134973
134951
135083
135015
135089
134965
134869
135053
135004
134961
135027
134946
135093
135021
135026
135029
134974
135041
134881
135002
135059
134872
135045
134885
134883
134965
135150
135025
135022
135036
134986
135054
135003
135114
134912
135176
135012
135026
135052
134926
134989
134963
134996
135037
135037
135041
134959
135094
135072
134943
135010
134946
134894
135054
134853
135021
135062
134969
134897
135041
134897
135061
134951
135094
134856
135054
134977
135086
134895
134988
135083
135037
134908
134844
135077
135092
134954
135104
135001
134955
134973
134964
135055
134990
134901
135112
134923
134917
134940
134975
134929
134864
134960
135034
135062
134978
135014
135158
134989
134936
134992
135073
134907
135017
134879
135002
134995
134874
135134
135240
134933
134961
134964
134943
134962
135168
134945
135002
134931
135005
135040
134995
134980
134977
135080
134894
134946
134936
135062
134970
135020
134836
134997
134930
134946
135070
134960
135016
135018
134891
134993
134885
134978
135007
134931
134974
134877
134960
134948
135012
134951
134965
135157
134980
134918
134972
135020
134960
134990
135185
135113
135056
134996
135138
134931
135002
134942
135093
134962
134913
135072
135005
134952
135000
135072
134873
134899
135064
134912
135020
134945
135172
134872
134926
135099
134930
134907
134850
134903
135041
134851
135043
135036
134944
135012
134995
135034
135109
134885
135114
135058
134903
135049
135081
134959
135067
135105
135059
134986
134875
135029
135202
134870
134863
134960
134999
134927
134997
134842
134945
134967
134959
134956
134979
134947
134957
135071
134954
135065
135040
134911
134983
135112
134914
135071
134994
134960
134914
134950
134952
134953
134991
134938
135019
134964
134911
135046
134912
134930
134999
135011
134981
135033
134910
135150
134955
134982
134953
135119
134937
135002
135052
134987
135010
135016
135039
134936
