69948
70055
70080
69945
69967
70009
70094
69984
69958
69978
69961
70042
70041
70060
70014
70066
70052
69967
70017
70039
69979
70012
69917
70117
70005
70108
70022
70000
69962
69952
69964
70003
69983
69925
70006
70012
70016
69914
70114
69946
70017
70025
70001
69923
70048
70002
70067
70018
70012
69956
69953
69973
70033
69988
70111
70004
69978
70016
69979
69928
70002
69983
70058
69937
70043
69970
70015
69992
69997
69924
70021
70027
70068
69974
69971
69969
69926
69980
69974
69996
70005
69930
69952
69970
69994
69971
70016
70030
69991
70025
69979
70012
70007
69995
69976
69986
70059
69937
70033
70012
70037
70016
69980
69969
70053
70013
69955
69986
70042
70042
69951
69996
70006
69975
70060
69991
70077
70006
69972
69950
70069
69968
70021
70008
69936
70043
69963
70007
69999
70006
69974
69955
69994
70013
69952
69966
70083
70006
70010
70000
69934
70044
70039
69986
69987
69983
70108
70032
69948
69960
70023
70047
69937
70012
70005
70011
70040
70037
70002
69955
70037
69978
70103
69989
69978
70085
70001
69936
70103
69958
69936
69990
69974
69927
70016
70089
70001
70057
69933
70072
69982
70077
69987
70077
69985
70044
69962
70015
70028
70074
70022
69927
70052
70003
69982
69970
70018
69976
70115
70030
70031
70011
70011
70000
69993
70040
69972
69941
69989
69990
70039
69995
69997
70024
70032
69955
69990
69938
69977
69978
69975
69972
69963
69995
70023
69924
70050
70015
69958
69982
69957
69978
69982
70018
69995
69998
70035
69918
69987
69998
70015
69960
70074
69927
70018
69969
70036
70023
70017
70023
69980
69968
70010
69985
70056
69993
69971
70026
70013
69980
69992
70022
69965
70075
70061
70021
70019
69989
69921
70010
70064
69985
70022
69899
69952
69989
70013
69996
70010
70080
69920
69996
70064
69992
69997
69958
70036
69965
70032
69991
70002
69929
69987
69996
70030
70023
70016
69990
69945
70000
69998
69949
70036
70033
69985
70034
70013
69987
69952
69997
70013
70097
69982
70043
69969
69999
70037
69941
70046
69977
69960
69953
69962
69963
69968
69961
69986
70053
70024
69933
69935
69919
70005
70019
70046
70015
69995
70011
69975
69939
70034
69935
70054
69946
69919
69999
70010
70011
69961
69961
69976
69974
69921
70006
69969
69954
69965
70125
70012
70061
69998
70016
70011
70005
70005
69968
70070
69940
69915
70145
69959
69990
69971
70038
70005
69929
70060
69921
70013
70051
69983
70034
70022
69970
69998
70003
70026
70018
70022
69998
70024
69997
69967
69971
70023
70011
70060
69978
69994
70011
69972
69918
69973
69985
69990
70003
70088
69951
69985
69988
69996
69967
69977
69944
70034
70012
69986
69947
70050
70070
70075
70035
70045
70031
69944
69980
69955
70020
70045
70032
70036
69953
70050
69944
70026
70060
70040
69987
69995
70027
70016
70042
70028
70028
69971
69994
69962
69966
69947
69969
69981
70041
70019
69960
69987
70009
69986
70002
69939
70003
69986
69975
69970
69988
69972
70021
70028
69962
70054
69933
69965
70047
69932
70027
70057
70014
69977
69994
70034
70043
70004
70017
69936
70018
70066
70031
70032
70046
69970
69908
69944
70048
69932
69981
70030
69955
70006
69983
70073
69970
69934
69949
70002
69952
70002
69950
69959
70066
69994
70005
69990
70079
70056
70068
69968
70003
69975
69936
70048
69942
70028
69987
69985
70029
70001
69949
69966
69978
69975
69970
70004
69934
69979
70041
70014
70008
70071
70016
69992
69979
69965
70072
70021
70030
69970
69966
70039
70038
70063
70064
69977
69941
69956
69938
70004
70032
69933
69994
70014
70026
70029
69933
70044
69945
69994
69995
69978
69914
70019
69938
69985
70014
69995
69969
70007
70003
69938
69991
70093
70002
70018
69986
70039
70035
70014
69996
69973
70010
69998
69928
70005
70054
70038
69967
70003
69998
69981
69990
70011
69963
70071
70018
69987
69987
69973
70056
70000
70009
70015
69989
69999
69997
69940
70087
69991
69951
69986
69993
70022
70035
70034
70043
70027
69917
69974
69998
70022
70054
70055
70063
70048
70032
70078
70016
69962
70065
69959
69995
70043
70021
70013
70030
69965
69979
70041
70038
69977
70089
70019
70055
69974
70002
70000
69921
69957
69967
70034
70049
69956
70076
70007
70072
70031
70021
70013
69970
70018
70007
69926
69980
70047
69972
69983
69992
69959
69979
70013
69985
70036
69979
70032
69994
69983
69969
69983
70007
70023
69939
69979
70049
70009
69921
69981
69970
69992
70043
70014
69959
69965
69958
69975
69988
70008
69958
69970
70058
69961
69961
70058
70040
69952
69993
69990
69984
70042
70031
69947
70006
69998
69973
70038
70014
69959
70080
70067
69974
70013
70023
69938
69947
70055
69999
69964
70042
70048
69962
70045
70015
69948
70039
69987
69964
70045
70048
69981
70050
70066
70009
69977
69952
70050
69994
69967
69985
69982
70006
70049
69974
69985
69970
70018
69989
69966
69984
70001
69942
69960
69936
70001
70052
69944
69972
70055
69916
69944
70065
69953
69972
70091
70073
70060
70016
70026
69961
69940
69986
70037
70021
69985
69978
69993
69949
69948
69951
70056
69946
70025
69938
69940
69968
70021
69990
69982
70075
69953
69985
70065
70000
69946
70047
70085
70051
70041
70083
69990
70006
70028
69985
69933
69993
70051
70004
70027
70040
70013
69951
69970
70027
70127
69976
69996
69992
69987
69998
70012
69946
69965
69982
70040
69996
69949
69966
69981
70012
69967
69971
70020
69922
69980
70024
70017
70009
69968
70058
69986
70077
70054
70057
70032
69981
69957
69948
69986
69988
69966
69988
69995
69968
70029
70058
70002
70066
70000
69948
70010
70002
70064
69965
70005
69949
69976
69956
70017
69992
69952
69973
69992
70012
70000
69949
69951
70043
70025
69978
69906
70022
70015
69950
70014
69975
69952
69990
69978
70047
69969
70033
69926
70056
70066
69965
69979
70019
70083
70002
69934
69931
69927
69975
69998
69974
70008
69999
70053
70031
69952
70011
70008
69989
69986
70017
69980
69965
70048
69977
69984
70048
70024
69941
69947
69994
70008
70031
70062
69958
69933
70061
69938
69964
70032
70050
69998
70071
69965
70023
69979
69983
69924
70061
69962
70012
69967
70009
70034
70057
70024
69976
69985
69995
70025
69961
69959
70028
69949
70023
69991
70028
70030
70034
70022
69974
70010
70055
70015
70021
69960
70044
69989
70085
69973
70046
69953
69983
70024
69927
69945
70006
69979
69960
69982
69942
