64270
64247
64257
64249
64261
64246
64253
64246
64259
64257
64254
64255
64261
64274
64250
64254
64256
64263
64267
64282
64265
64255
64276
64250
64281
64259
64242
64267
64251
64273
64262
64249
64250
64283
64254
64253
64254
64265
64273
64266
64228
64272
64268
64254
64256
64266
64290
64286
64268
64243
64237
64275
64272
64259
64276
64257
64286
64261
64245
64264
64263
64259
64253
64251
64269
64246
64274
64266
64259
64269
64240
64253
64248
64246
64267
64268
64271
64275
64247
64263
64266
64280
64260
64265
64258
64253
64257
64247
64248
64286
64283
64252
64265
64266
64253
64260
64252
64267
64255
64250
64271
64281
64284
64255
64260
64235
64256
64263
64248
64282
64271
64261
64237
64227
64260
64258
64243
64267
64271
64249
64244
64258
64266
64289
64263
64260
64267
64275
64273
64269
64268
64254
64259
64261
64243
64273
64268
64257
64260
64266
64260
64265
64248
64278
64264
64276
64257
64256
64246
64283
64276
64245
64278
64270
64280
64262
64224
64245
64255
64248
64279
64252
64235
64236
64257
64259
64251
64257
64248
64269
64262
64248
64284
64265
64257
64292
64273
64267
64265
64274
64267
64269
64256
64276
64268
64233
64272
64252
64269
64275
64266
64273
64249
64280
64269
64267
64240
64241
64281
64272
64252
64267
64277
64278
64266
64269
64292
64256
64270
64264
64268
64258
64284
64250
64281
64269
64271
64254
64265
64268
64264
64278
64262
64260
64254
64274
64275
64285
64283
64265
64258
64255
64262
64264
64267
64289
64264
64242
64274
64238
64290
64249
64259
64281
64266
64281
64263
64257
64275
64271
64262
64276
64275
64258
64276
64273
64250
64240
64276
64282
64256
64262
64253
64233
64291
64251
64270
64255
64269
64245
64261
64264
64266
64258
64258
64268
64246
64267
64235
64269
64257
64281
64283
64287
64254
64255
64270
64276
64256
64258
64268
64287
64275
64272
64242
64242
64259
64275
64269
64273
64273
64282
64267
64252
64253
64268
64276
64270
64249
64245
64263
64237
64272
64244
64262
64281
64244
64249
64259
64285
64254
64266
64280
64278
64286
64287
64270
64265
64272
64267
64260
64263
64285
64266
64268
64255
64269
64277
64266
64274
64260
64263
64282
64281
64249
64250
64259
64243
64264
64270
64258
64267
64262
64266
64247
64246
64281
64281
64264
64254
64283
64259
64282
64246
64235
64273
64246
64250
64253
64255
64290
64269
64250
64264
64282
64255
64283
64277
64245
64272
64247
64279
64259
64266
64267
64269
64247
64282
64276
64256
64239
64255
64285
64276
64256
64244
64259
64249
64272
64290
64245
64261
64277
64279
64288
64258
64280
64247
64269
64263
64253
64271
64276
64249
64265
64267
64280
64265
64254
64266
64278
64266
64266
64277
64246
64270
64235
64268
64254
64263
64268
64252
64268
64269
64275
64250
64274
64252
64266
64273
64264
64271
64257
64256
64280
64266
64233
64258
64246
64269
64290
64239
64271
64282
64255
64273
64242
64259
64233
64232
64254
64245
64257
64287
64248
64260
64274
64274
64284
64261
64271
64296
64268
64268
64264
64283
64256
64281
64252
64281
64280
64256
64251
64257
64267
64284
64273
64261
64257
64273
64272
64262
64278
64276
64278
64269
64260
64258
64261
64264
64257
64247
64263
64278
64237
64253
64263
64262
64263
64259
64254
64285
64272
64278
64242
64271
64274
64256
64257
64270
64271
64264
64276
64279
64277
64257
64262
64260
64267
64257
64289
64273
64266
64259
64248
64262
64267
64263
64243
64260
64283
64256
64241
64264
64272
64251
64262
64260
64287
64256
64246
64264
64264
64257
64247
64237
64277
64264
64295
64264
64245
64259
64240
64261
64247
64272
64267
64256
64296
64268
64297
64275
64282
64255
64268
64237
64238
64258
64265
64268
64251
64261
64272
64279
64253
64262
64266
64254
64248
64280
64279
64283
64263
64286
64272
64268
64264
64265
64250
64261
64264
64256
64286
64270
64249
64262
64256
64279
64271
64265
64267
64277
64279
64246
64273
64266
64256
64251
64255
64273
64250
64274
64247
64252
64271
64258
64259
64273
64241
64263
64253
64262
64280
64239
64283
64284
64244
64250
64272
64267
64253
64274
64253
64255
64263
64293
64243
64275
64266
64257
64269
64280
64257
64267
64264
64260
64257
64272
64264
64270
64264
64280
64280
64247
64248
64251
64269
64267
64269
64282
64234
64245
64253
64255
64250
64272
64259
64247
64251
64250
64295
64271
64245
64237
64262
64277
64255
64269
64263
64269
64269
64279
64273
64247
64251
64247
64262
64263
64273
64247
64261
64257
64265
64287
64272
64272
64272
64271
64265
64259
64287
64272
64256
64246
64282
64241
64260
64251
64231
64267
64272
64259
64257
64295
64267
64282
64243
64266
64273
64251
64263
64245
64245
64267
64252
64268
64255
64247
64274
64276
64275
64252
64267
64261
64279
64266
64233
64238
64251
64266
64262
64276
64268
64264
64273
64281
64259
64282
64266
64280
64269
64249
64266
64255
64276
64256
64260
64261
64275
64257
64279
64265
64258
64246
64252
64270
64265
64265
64255
64272
64259
64268
64258
64260
64271
64268
64275
64268
64250
64238
64277
64255
64273
64268
64269
64261
64282
64268
64243
64252
64272
64239
64255
64266
64260
64275
64245
64243
64262
64276
64278
64268
64271
64256
64268
64264
64260
64272
64261
64260
64262
64265
64258
64282
64251
64262
64277
64231
64259
64267
64273
64265
64270
64252
64269
64260
64253
64267
64251
64262
64260
64264
64263
64247
64270
64288
64270
64271
64262
64254
64264
64269
64254
64271
64270
64271
64265
64282
64245
64259
64266
64257
64257
64237
64248
64260
64253
64269
64277
64244
64261
64282
64260
64266
64252
64253
64273
64257
64261
64268
64262
64265
64241
64269
64253
64273
64265
64251
64264
64253
64259
64233
64260
64261
64280
64258
64283
64266
64285
64275
64260
64270
64268
64263
64272
64240
64274
64274
64252
64278
64260
64284
64255
64250
64278
64246
64252
64253
64263
64243
64273
64251
64269
64268
64268
64255
64257
64262
64265
64230
64250
64249
64276
64233
64278
64281
64255
64229
64265
64278
64236
64255
64245
64271
64269
64266
64269
64259
64250
64255
64271
64268
64279
64253
64254
64281
64232
64258
64271
64266
64234
64281
64253
64265
64244
64271
64279
64264
64266
64286
64262
64272
64260
64273
64270
64263
64269
64268
64279
64258
64250
64262
64259
64270
64262
64277
64260
64255
64259
64256
64235
64273
64264
64279
64273
64274
64259
64260
64276
64255
