137987
138012
138001
137979
137995
138026
138003
137958
138019
137984
137956
137965
138000
138020
138020
138017
138001
137922
137992
137990
138034
138006
137991
137980
138026
138013
138026
137979
138031
137999
137993
137982
137928
138012
137972
137970
137944
137964
137986
137957
137985
137949
138034
137985
138003
137958
137958
137977
138003
137999
137991
137987
137975
137980
137974
137994
137987
137931
137957
137992
137981
137995
137996
137996
138015
137979
137985
137972
137966
137979
138004
137985
138009
138016
138010
137996
137976
138004
138014
137971
138000
137978
138003
138008
137981
138024
137986
138004
138019
138018
138016
137960
138029
137993
137978
137951
137996
137981
137956
137934
137976
138008
138013
137961
138007
138001
138015
138009
138009
138007
138011
137984
137970
137980
137969
137983
137945
137951
137979
138026
138039
138012
137956
137957
137988
138009
137993
138004
138026
137962
138041
138031
138023
138009
138012
138010
137963
137973
138016
138026
137998
137975
138026
137985
137975
137996
138040
138023
138020
138031
138002
138041
138019
137985
137941
137973
137952
138013
138010
137980
137995
137987
137980
137973
137991
137968
137995
137998
137973
137951
137995
137991
137976
137980
137974
138004
137982
138017
137981
137976
137960
137966
138023
138038
137996
137971
138050
138029
137990
137975
137958
137969
137937
138019
137974
138016
138049
137958
137987
137996
137945
137967
137972
137981
138004
138010
137987
138002
138000
137965
137968
138018
138035
138029
137972
137983
137973
137992
138008
137960
138006
137958
137997
137957
138007
137949
137946
137990
137988
137979
137963
137994
137947
138057
138035
137999
137993
137990
138019
137936
138006
137972
137983
137973
138033
137974
138017
137941
138031
137955
137977
138045
138006
137990
137994
138008
137996
138026
137971
137977
137984
137996
138015
137978
137968
137973
137970
137969
137992
137999
138037
137982
137971
137969
137985
138022
137987
137953
137996
137976
137989
137990
137954
137946
138004
138016
138002
137994
137993
138007
137994
137976
137995
138019
138035
138015
138017
138003
137991
137990
137976
138007
138005
138013
137961
137964
137956
137958
137969
137960
137982
137983
137971
137982
138004
137969
137992
138007
138010
137955
138041
138013
137983
137991
137962
138020
137980
138008
137976
138042
137974
137965
137986
137971
138022
138004
138016
138023
138007
137960
137962
138013
137999
137975
138015
137944
137949
137961
137988
137980
137983
138006
138044
138002
137980
138006
137976
138025
137971
138024
138000
137978
137961
137969
138030
137997
138010
138014
137950
137983
137962
137993
138012
138024
137997
138008
138016
137985
137988
138015
137966
138008
137972
137989
137976
138020
137997
138035
137966
137998
138013
137993
137975
137993
138008
137981
137996
137955
137981
138017
137969
137974
137999
138001
137976
137995
138008
137999
138003
137999
137987
138023
138037
137958
138006
138028
138005
138005
137971
137969
138022
137995
137998
138028
137987
137997
137961
137989
137975
138020
137967
137990
138053
137986
138027
137956
138011
137960
137976
137950
138015
138007
137999
137954
138023
137991
138035
138029
137977
137981
137994
137993
138001
137997
138018
137999
138004
137968
137991
137984
137965
137996
137991
137985
138008
138010
137975
137968
138003
138027
137980
137955
138026
137996
137966
138014
137951
138010
138010
137992
138026
137988
138001
138026
138020
138012
137989
137954
137974
137962
138014
138005
137978
137992
137999
138003
137948
137977
138021
137980
137974
137953
138039
137994
137979
137980
137966
137957
138004
138004
137998
138002
138028
138003
137991
137986
138026
137989
138020
138010
137979
138035
138018
137994
137971
138013
137948
138033
138016
137960
137951
138013
138044
137960
137997
138014
137995
137970
138031
137983
138019
138009
137968
137986
137986
138003
137976
137961
137953
137971
137999
137972
137972
138016
138038
137970
137968
137983
138021
138006
138031
138030
137952
137969
138003
138007
137965
137968
137975
137963
138014
138023
137974
137967
137969
138018
138036
137969
137961
138010
137956
138022
138001
137952
137995
137955
137993
137995
138014
137994
137979
138015
137986
137962
138028
137998
138010
138002
137988
138031
138002
138008
137968
137962
137970
137972
137997
138005
138006
137988
137971
137977
137946
137975
137966
138013
137967
137993
137990
137962
138003
138021
137997
138004
137987
137961
138057
138006
138017
137952
138001
138002
137985
137955
138009
137937
137999
138005
138005
138014
138006
137992
137951
137978
137951
137979
137956
138017
138008
138017
137962
138060
137956
137993
137981
137991
137977
137981
138050
137992
138008
138004
137967
137972
137991
137997
137939
137988
138020
138007
138027
137994
138013
138004
137993
137981
137969
137929
137977
138022
137971
138022
138000
137986
137944
137973
137993
138015
137980
137974
137945
137975
138030
137983
137995
138042
137977
138009
137964
137977
138007
137982
137954
137969
137991
137993
138009
137985
137963
138012
137985
137975
137959
137977
137975
138022
137958
138028
138021
137974
138042
137952
137978
138000
137984
137980
138013
138015
137998
137958
137986
138017
138056
137972
137983
137961
138003
138010
137972
137968
137996
137988
137953
138009
138005
137990
137995
138042
137959
137978
137948
137966
137953
138010
137971
138015
137979
137988
137957
138000
137974
137970
137990
137979
138008
138016
137969
138003
137976
137999
137975
137978
137977
137987
137956
138013
138008
138023
137935
138025
137964
137997
138015
138005
137966
138004
137973
137953
137964
138001
137958
137963
137967
138017
138000
138014
137971
137978
137971
137966
137990
137986
137959
137955
137980
137969
137979
138000
138018
138023
137954
137964
138024
137922
137975
137956
137978
138009
138014
138001
137965
137984
137928
137965
137974
137978
138025
137991
137997
137985
137976
137983
138007
137975
138001
138016
137966
137990
138026
138006
138001
137990
137991
138034
137983
137990
137995
137967
137986
137992
137945
138012
137999
137933
137991
137975
137991
137977
137967
138000
137979
137975
138055
137978
137965
138008
138020
138028
137979
138005
138005
137980
137958
137982
137975
137987
138019
137970
138015
137963
137994
138007
137976
138020
137986
138008
138018
138015
137979
137967
137944
137966
138012
137996
137997
138013
138005
137981
138000
137963
138010
137999
138022
137977
138006
138011
138006
137954
137983
137976
138002
137972
137998
137988
137995
137981
137960
138016
138004
137952
137991
137911
137978
137996
137975
137918
137991
137950
138007
138012
137977
137969
137972
138013
137937
137982
137985
137968
137949
137968
138007
137980
137973
137976
138033
137977
138024
137969
138006
138017
138005
137989
137973
138028
137974
138038
137985
137924
137998
137984
137965
137975
138016
137968
138007
137990
137964
138018
138032
137949
138005
138019
138056
138032
138012
138032
138001
137959
137946
137955
137977
137980
138003
137982
137980
137967
137997
137923
137995
138013
137969
137959
137975
138009
137964
137987
137982
137995
138004
137974
