21587
21597
21590
21586
21592
21595
21588
21592
21588
21594
21589
21590
21600
21587
21587
21599
21605
21588
21595
21589
21597
21590
21601
21590
21609
21587
21598
21602
21593
21594
21606
21603
21595
21604
21587
21599
21588
21596
21590
21599
21585
21591
21591
21580
21584
21594
21589
21590
21598
21585
21591
21581
21594
21597
21597
21594
21605
21585
21580
21603
21590
21611
21594
21584
21584
21601
21602
21590
21590
21595
21591
21594
21580
21599
21589
21598
21589
21598
21599
21604
21595
21601
21593
21594
21588
21603
21604
21595
21604
21599
21594
21593
21601
21600
21602
21592
21588
21599
21586
21605
21590
21588
21588
21592
21587
21595
21591
21593
21586
21583
21588
21597
21598
21595
21580
21593
21586
21607
21588
21598
21592
21592
21592
21591
21596
21596
21594
21596
21598
21614
21587
21595
21596
21590
21590
21597
21587
21604
21586
21597
21592
21591
21593
21595
21589
21582
21592
21592
21597
21603
21604
21596
21589
21593
21597
21589
21591
21594
21602
21594
21589
21594
21603
21592
21592
21588
21592
21593
21613
21589
21597
21581
21587
21595
21598
21598
21595
21594
21588
21592
21580
21586
21588
21595
21590
21589
21599
21588
21595
21597
21597
21590
21601
21595
21598
21584
21593
21594
21593
21598
21601
21596
21611
21596
21611
21596
21594
21591
21597
21595
21593
21584
21591
21600
21595
21604
21599
21604
21607
21604
21596
21601
21601
21600
21580
21597
21600
21590
21591
21605
21598
21592
21602
21604
21593
21598
21595
21589
21593
21602
21593
21593
21609
21587
21587
21590
21590
21595
21597
21594
21588
21591
21602
21593
21595
21594
21605
21588
21595
21587
21599
21601
21590
21587
21594
21604
21585
21588
21605
21595
21589
21602
21595
21595
21607
21597
21587
21600
21585
21594
21594
21606
21599
21594
21580
21603
21584
21602
21593
21599
21597
21593
21586
21580
21582
21592
21586
21588
21594
21605
21602
21587
21588
21577
21589
21585
21587
21593
21611
21602
21587
21592
21601
21594
21589
21594
21585
21594
21598
21590
21602
21580
21585
21594
21585
21582
21596
21590
21598
21584
21598
21595
21596
21598
21596
21577
21588
21600
21599
21600
21597
21603
21588
21589
21606
21584
21604
21588
21598
21597
21586
21602
21588
21604
21589
21593
21583
21595
21599
21596
21592
21594
21597
21576
21594
21594
21601
21584
21592
21591
21595
21586
21586
21598
21597
21586
21591
21592
21596
21594
21588
21606
21582
21590
21601
21594
21602
21595
21599
21591
21579
21594
21601
21598
21590
21603
21605
21586
21597
21584
21596
21584
21587
21590
21599
21602
21593
21592
21598
21582
21603
21591
21603
21592
21587
21595
21606
21589
21583
21602
21601
21603
21584
21590
21583
21605
21595
21585
21591
21597
21581
21597
21594
21585
21583
21592
21586
21586
21590
21590
21599
21589
21601
21588
21596
21599
21601
21580
21605
21588
21578
21590
21598
21598
21596
21586
21591
21588
21603
21594
21595
21582
21598
21599
21598
21596
21596
21609
21587
21594
21601
21602
21592
21594
21593
21587
21591
21605
21594
21598
21607
21604
21589
21599
21589
21592
21592
21598
21602
21584
21588
21596
21598
21606
21589
21593
21594
21592
21592
21596
21596
21584
21601
21611
21587
21596
21601
21591
21608
21599
21596
21595
21585
21589
21602
21589
21597
21588
21601
21591
21607
21586
21591
21609
21605
21599
21597
21588
21600
21586
21591
21592
21592
21595
21591
21610
21594
21599
21601
21592
21597
21605
21614
21603
21587
21594
21590
21589
21599
21584
21592
21590
21596
21605
21594
21594
21602
21589
21602
21594
21584
21581
21583
21606
21604
21609
21596
21591
21583
21605
21601
21592
21598
21588
21588
21591
21598
21588
21599
21590
21597
21601
21601
21581
21598
21585
21593
21588
21592
21584
21591
21600
21597
21591
21590
21606
21589
21597
21595
21604
21591
21601
21600
21605
21589
21595
21611
21595
21611
21602
21595
21612
21586
21589
21598
21586
21609
21582
21594
21584
21593
21597
21603
21585
21593
21605
21595
21596
21596
21586
21605
21590
21579
21602
21591
21604
21606
21593
21594
21589
21600
21595
21593
21594
21602
21593
21589
21605
21585
21592
21583
21593
21596
21587
21582
21597
21603
21598
21595
21593
21579
21593
21599
21591
21592
21590
21593
21592
21597
21602
21588
21601
21594
21598
21581
21598
21589
21592
21581
21601
21608
21589
21589
21593
21596
21578
21597
21597
21592
21585
21591
21586
21596
21592
21598
21597
21594
21603
21601
21593
21605
21587
21597
21591
21593
21584
21603
21603
21600
21590
21589
21601
21600
21588
21594
21591
21583
21595
21587
21593
21584
21592
21596
21594
21595
21599
21589
21587
21599
21598
21599
21606
21584
21588
21596
21594
21598
21590
21604
21598
21587
21611
21594
21589
21593
21598
21595
21597
21597
21591
21591
21595
21601
21593
21594
21586
21594
21592
21592
21587
21592
21597
21594
21599
21589
21595
21598
21600
21591
21593
21603
21601
21584
21593
21602
21606
21594
21605
21605
21590
21603
21596
21588
21598
21592
21600
21594
21591
21588
21584
21592
21603
21591
21608
21599
21596
21597
21599
21596
21608
21600
21599
21602
21592
21595
21597
21593
21592
21601
21596
21609
21596
21582
21595
21602
21596
21588
21598
21585
21601
21590
21601
21592
21594
21588
21600
21593
21593
21592
21597
21595
21601
21602
21593
21600
21583
21594
21596
21600
21595
21612
21594
21593
21594
21595
21603
21597
21589
21594
21605
21590
21591
21593
21576
21597
21600
21592
21595
21590
21592
21592
21588
21611
21592
21594
21598
21581
21585
21585
21588
21605
21598
21585
21595
21610
21592
21600
21580
21595
21595
21585
21592
21584
21588
21594
21596
21600
21592
21588
21585
21590
21588
21595
21601
21594
21589
21595
21596
21594
21613
21587
21600
21583
21605
21584
21592
21587
21596
21599
21602
21593
21587
21589
21597
21594
21599
21589
21583
21598
21607
21588
21589
21582
21587
21601
21606
21591
21609
21599
21599
21588
21594
21591
21608
21585
21592
21603
21583
21597
21600
21588
21588
21597
21593
21588
21592
21605
21594
21600
21612
21601
21594
21587
21593
21602
21590
21595
21606
21595
21594
21598
21586
21590
21595
21592
21602
21587
21589
21595
21602
21599
21606
21588
21598
21600
21595
21594
21582
21602
21584
21607
21592
21604
21595
21588
21596
21594
21587
21601
21599
21591
21595
21591
21599
21605
21587
21601
21593
21603
21608
