121155
121179
121197
121145
121172
121158
121167
121153
121134
121132
121152
121130
121130
121143
121184
121148
121147
121135
121150
121150
121156
121141
121147
121171
121157
121133
121138
121179
121128
121149
121170
121159
121194
121132
121160
121160
121158
121160
121141
121190
121167
121151
121155
121134
121156
121189
121121
121182
121188
121151
121146
121152
121169
121165
121136
121174
121123
121141
121149
121149
121168
121159
121179
121172
121156
121159
121144
121178
121169
121132
121152
121146
121149
121145
121172
121147
121162
121153
121122
121144
121154
121145
121144
121146
121162
121175
121186
121160
121157
121145
121167
121154
121126
121138
121150
121140
121114
121148
121154
121175
121178
121182
121154
121135
121175
121116
121139
121147
121155
121129
121147
121183
121146
121146
121145
121135
121136
121180
121142
121156
121149
121143
121155
121145
121126
121139
121133
121117
121115
121182
121154
121159
121137
121146
121172
121157
121125
121152
121140
121143
121132
121173
121155
121122
121155
121129
121153
121170
121176
121144
121174
121195
121147
121148
121156
121133
121164
121163
121154
121135
121158
121160
121173
121165
121135
121161
121157
121170
121170
121135
121155
121167
121150
121161
121196
121137
121164
121156
121158
121146
121159
121129
121162
121138
121167
121174
121138
121169
121163
121167
121128
121136
121144
121165
121162
121155
121175
121150
121127
121188
121152
121169
121158
121174
121158
121127
121160
121190
121171
121128
121154
121140
121164
121152
121165
121143
121169
121137
121144
121152
121146
121168
121150
121173
121167
121166
121157
121154
121186
121152
121159
121191
121154
121142
121176
121149
121162
121144
121166
121123
121145
121147
121160
121191
121202
121167
121139
121152
121159
121168
121169
121140
121130
121185
121160
121124
121127
121156
121138
121133
121154
121151
121188
121150
121160
121159
121147
121167
121141
121140
121175
121138
121166
121158
121140
121184
121127
121174
121149
121202
121138
121155
121155
121133
121159
121148
121120
121133
121160
121153
121150
121149
121146
121160
121170
121192
121128
121133
121135
121117
121170
121116
121156
121168
121142
121151
121169
121164
121149
121140
121183
121157
121150
121131
121140
121153
121174
121131
121162
121166
121153
121168
121134
121149
121156
121175
121178
121144
121141
121157
121140
121188
121135
121151
121154
121145
121156
121122
121140
121170
121140
121148
121164
121146
121175
121163
121155
121153
121151
121143
121153
121171
121115
121150
121116
121130
121155
121162
121117
121143
121145
121155
121147
121107
121168
121159
121170
121151
121159
121143
121152
121141
121129
121159
121168
121191
121149
121125
121144
121126
121174
121135
121166
121115
121182
121175
121150
121163
121164
121141
121155
121155
121138
121136
121150
121118
121161
121141
121168
121158
121169
121114
121182
121151
121159
121137
121162
121183
121167
121149
121134
121169
121126
121111
121156
121128
121147
121162
121112
121164
121173
121151
121160
121155
121169
121172
121185
121161
121166
121168
121166
121164
121111
121154
121094
121164
121148
121146
121136
121179
121140
121161
121178
121182
121136
121154
121171
121137
121143
121168
121149
121136
121156
121158
121172
121171
121138
121139
121148
121200
121197
121143
121153
121125
121167
121132
121157
121181
121175
121165
121134
121139
121157
121184
121145
121157
121136
121139
121141
121152
121138
121160
121152
121159
121178
121128
121161
121138
121128
121152
121127
121178
121155
121151
121145
121136
121178
121184
121156
121140
121130
121132
121166
121146
121144
121161
121189
121152
121139
121129
121152
121140
121136
121153
121158
121137
121143
121228
121119
121162
121133
121127
121152
121153
121130
121156
121186
121191
121161
121161
121162
121148
121133
121133
121153
121171
121159
121133
121179
121145
121136
121161
121159
121136
121166
121180
121176
121181
121146
121146
121157
121146
121146
121160
121144
121150
121156
121119
121181
121156
121125
121152
121133
121162
121147
121146
121155
121144
121135
121168
121132
121184
121139
121144
121143
121123
121147
121179
121145
121151
121170
121137
121140
121140
121165
121161
121170
121158
121137
121142
121161
121145
121176
121147
121164
121149
121157
121149
121144
121159
121129
121167
121143
121132
121156
121130
121167
121158
121180
121175
121163
121147
121151
121180
121178
121149
121144
121157
121157
121140
121146
121169
121143
121140
121132
121149
121147
121164
121147
121175
121148
121169
121154
121140
121145
121169
121135
121145
121147
121124
121153
121158
121162
121163
121165
121147
121161
121149
121192
121139
121160
121127
121195
121154
121146
121176
121162
121168
121168
121145
121171
121152
121122
121149
121180
121183
121155
121160
121172
121142
121135
121162
121123
121152
121142
121155
121148
121173
121175
121156
121153
121159
121152
121129
121141
121134
121149
121153
121148
121140
121152
121144
121186
121133
121148
121143
121164
121141
121167
121159
121149
121179
121150
121139
121135
121167
121149
121132
121165
121154
121140
121159
121154
121144
121155
121140
121117
121150
121135
121164
121156
121148
121118
121139
121161
121136
121166
121134
121137
121141
121141
121189
121144
121147
121155
121166
121151
121142
121166
121160
121124
121179
121222
121176
121154
121122
121130
121127
121157
121161
121159
121175
121129
121206
121178
121132
121163
121146
121158
121092
121122
121172
121164
121159
121162
121127
121162
121160
121164
121136
121154
121175
121172
121158
121154
121144
121174
121147
121144
121136
121158
121139
121152
121136
121136
121179
121123
121187
121129
121173
121167
121169
121165
121179
121157
121138
121148
121132
121146
121171
121145
121177
121147
121192
121183
121133
121158
121184
121157
121182
121132
121161
121139
121154
121172
121129
121179
121156
121159
121149
121155
121147
121180
121196
121154
121168
121158
121141
121178
121122
121147
121156
121146
121152
121161
121181
121159
121146
121165
121169
121141
121146
121161
121189
121135
121149
121183
121162
121177
121137
121166
121153
121155
121166
121154
121156
121146
121179
121162
121177
121144
121147
121159
121138
121169
121120
121162
121201
121141
121142
121167
121200
121161
121131
121161
121158
121225
121159
121156
121152
121171
121149
121174
121166
121127
121161
121159
121170
121163
121155
121169
121159
121134
121156
121156
121174
121171
121134
121174
121148
121143
121176
121128
121154
121157
121171
121162
121165
121125
121164
121181
121151
121145
121183
121171
121175
121158
121174
121173
121150
121133
121145
121140
121134
121154
121158
121183
121162
121150
121142
121169
121192
121184
121145
121141
121162
121137
121154
121163
121157
121168
121138
121158
121135
121161
121181
121125
121171
121176
121160
121149
121142
121147
121190
121163
121122
121139
121163
121180
121164
121153
121142
121168
121122
121144
121155
121141
121145
121138
121165
121170
121159
121175
121135
121157
121153
121141
121176
121163
121114
121129
121193
121137
121123
121162
121151
121114
121157
121159
121158
121138
121163
121128
121141
121184
121174
121153
121147
121140
121166
