8896
8908
8906
8904
8924
8904
8909
8917
8867
8902
8926
8897
8890
8902
8903
8894
8884
8899
8920
8877
8909
8869
8894
8896
8881
8882
8909
8930
8885
8901
8913
8898
8923
8907
8883
8914
8907
8915
8879
8891
8911
8913
8897
8889
8892
8900
8889
8908
8872
8893
8890
8918
8896
8906
8870
8871
8888
8907
8901
8925
8893
8905
8908
8905
8900
8929
8919
8891
8913
8931
8885
8907
8880
8911
8893
8896
8920
8924
8919
8894
8883
8897
8930
8912
8900
8870
8892
8919
8927
8911
8913
8892
8916
8906
8890
8894
8916
8897
8878
8892
8899
8914
8914
8906
8917
8867
8899
8940
8920
8883
8914
8892
8910
8899
8886
8903
8904
8886
8887
8899
8910
8893
8919
8895
8892
8931
8873
8898
8905
8872
8902
8865
8891
8893
8884
8886
8908
8902
8934
8936
8921
8903
8930
8900
8911
8890
8916
8855
8913
8908
8868
8908
8909
8886
8924
8890
8898
8891
8915
8908
8890
8898
8895
8863
8911
8917
8897
8916
8919
8901
8907
8913
8911
8912
8918
8867
8926
8916
8890
8909
8908
8902
8904
8885
8886
8916
8906
8910
8882
8932
8908
8894
8874
8896
8891
8906
8885
8898
8915
8897
8899
8891
8885
8882
8896
8895
8883
8909
8878
8886
8910
8906
8883
8896
8893
8908
8881
8926
8876
8866
8911
8876
8908
8925
8883
8905
8898
8913
8920
8893
8899
8888
8895
8940
8894
8907
8918
8891
8875
8884
8919
8907
8899
8913
8919
8898
8893
8897
8929
8939
8924
8905
8904
8908
8908
8894
8911
8905
8901
8881
8911
8903
8926
8898
8873
8886
8923
8899
8892
8910
8901
8893
8907
8895
8934
8873
8921
8878
8926
8881
8884
8873
8892
8896
8904
8887
8905
8888
8882
8907
8898
8909
8903
8887
8896
8909
8906
8892
8887
8904
8896
8883
8888
8904
8930
8895
8921
8878
8883
8908
8920
8915
8897
8913
8901
8933
8917
8887
8911
8880
8896
8883
8919
8913
8892
8896
8892
8917
8917
8904
8916
8898
8910
8911
8896
8912
8887
8915
8924
8875
8905
8915
8904
8897
8890
8893
8890
8892
8894
8922
8908
8886
8920
8892
8901
8881
8890
8888
8895
8933
8914
8939
8907
8903
8899
8914
8902
8910
8919
8908
8913
8875
8898
8892
8918
8898
8896
8898
8888
8895
8895
8869
8874
8902
8907
8879
8883
8875
8909
8886
8913
8883
8898
8918
8901
8888
8893
8918
8930
8912
8889
8870
8868
8898
8915
8916
8901
8906
8869
8900
8920
8905
8897
8899
8901
8882
8897
8903
8886
8877
8913
8899
8923
8913
8928
8893
8904
8858
8906
8885
8900
8888
8911
8909
8911
8921
8881
8896
8913
8904
8925
8904
8908
8894
8928
8881
8925
8886
8884
8892
8883
8886
8883
8924
8904
8900
8906
8911
8873
8902
8917
8889
8904
8883
8914
8906
8891
8889
8880
8932
8897
8890
8917
8919
8910
8905
8896
8895
8887
8908
8884
8900
8912
8875
8876
8928
8897
8883
8915
8919
8903
8933
8927
8913
8911
8889
8874
8886
8894
8889
8889
8935
8929
8917
8886
8890
8899
8881
8887
8910
8893
8877
8901
8913
8908
8904
8911
8925
8914
8885
8925
8910
8893
8922
8908
8908
8923
8901
8904
8894
8884
8895
8912
8905
8916
8901
8901
8914
8900
8885
8886
8914
8889
8906
8918
8903
8926
8933
8909
8894
8876
8924
8888
8899
8911
8871
8892
8938
8929
8924
8894
8876
8899
8925
8924
8891
8924
8908
8883
8861
8929
8898
8908
8922
8887
8862
8916
8889
8901
8902
8903
8886
8944
8922
8927
8905
8884
8903
8907
8902
8896
8912
8909
8903
8879
8921
8881
8895
8903
8891
8918
8902
8902
8901
8881
8894
8895
8911
8916
8899
8903
8897
8867
8932
8881
8887
8921
8910
8895
8916
8904
8904
8899
8917
8921
8905
8907
8906
8893
8882
8904
8910
8895
8921
8885
8919
8908
8911
8908
8923
8902
8913
8886
8899
8905
8916
8912
8888
8901
8916
8882
8900
8903
8886
8897
8897
8916
8911
8914
8884
8892
8935
8907
8888
8914
8875
8936
8897
8887
8866
8917
8915
8907
8897
8900
8916
8871
8891
8888
8900
8905
8900
8892
8905
8911
8864
8894
8895
8926
8890
8879
8893
8897
8901
8924
8885
8907
8924
8914
8900
8895
8883
8883
8886
8886
8923
8895
8897
8905
8906
8891
8906
8886
8900
8938
8906
8894
8901
8903
8931
8913
8880
8893
8889
8875
8898
8894
8890
8882
8912
8915
8904
8894
8900
8896
8920
8884
8901
8905
8895
8908
8922
8926
8927
8881
8947
8881
8902
8896
8893
8905
8881
8890
8895
8886
8890
8880
8897
8886
8897
8900
8910
8913
8898
8881
8895
8875
8903
8904
8918
8892
8863
8913
8875
8900
8899
8895
8915
8874
8907
8887
8945
8926
8888
8891
8885
8905
8926
8940
8898
8914
8905
8903
8887
8882
8889
8942
8916
8914
8899
8890
8881
8882
8910
8935
8901
8922
8905
8927
8904
8917
8901
8881
8927
8899
8902
8886
8915
8895
8889
8908
8890
8918
8895
8915
8898
8904
8893
8901
8896
8902
8885
8920
8891
8906
8918
8891
8910
8916
8870
8891
8899
8897
8897
8892
8864
8910
8890
8908
8910
8887
8908
8889
8906
8913
8907
8910
8900
8912
8897
8894
8889
8902
8858
8916
8891
8888
8902
8940
8881
8878
8882
8910
8920
8921
8901
8900
8888
8882
8907
8908
8881
8904
8900
8906
8899
8930
8926
8875
8880
8897
8903
8884
8899
8900
8903
8872
8904
8888
8898
8916
8913
8906
8904
8898
8888
8901
8907
8899
8898
8871
8919
8891
8890
8906
8909
8919
8900
8863
8891
8896
8899
8896
8931
8897
8935
8926
8919
8888
8900
8908
8933
8923
8910
8895
8896
8907
8901
8907
8879
8901
8923
8896
8920
8921
8905
8885
8902
8907
8862
8904
8882
8881
8877
8878
8897
8892
8917
8882
8899
8896
8893
8911
8898
8898
8925
8892
8898
8913
8908
8907
8938
8888
8890
8894
8927
8921
8922
8899
8910
8913
8905
8912
8899
8917
8939
8884
8915
8914
8886
8877
8904
8891
8890
8870
8917
8895
8892
8907
8909
