13103
13071
13161
13093
13120
13082
13120
13123
13125
13106
13121
13098
13112
13115
13132
13126
13110
13107
13114
13145
13135
13140
13117
13113
13142
13129
13127
13092
13100
13094
13125
13117
13090
13133
13098
13077
13090
13096
13114
13188
13135
13124
13110
13089
13153
13135
13150
13086
13163
13102
13114
13138
13147
13096
13167
13138
13142
13149
13071
13105
13059
13108
13118
13180
13116
13110
13138
13145
13125
13139
13117
13096
13062
13111
13126
13121
13084
13108
13170
13109
13091
13117
13129
13149
13118
13094
13138
13129
13115
13138
13151
13108
13101
13129
13099
13112
13103
13071
13107
13102
13099
13110
13125
13071
13119
13111
13127
13112
13093
13138
13125
13142
13099
13158
13120
13154
13099
13170
13161
13082
13087
13114
13133
13088
13135
13112
13071
13112
13149
13144
13133
13169
13102
13129
13199
13115
13114
13099
13113
13100
13122
13120
13113
13100
13096
13102
13129
13111
13109
13114
13098
13129
13122
13115
13084
13123
13160
13188
13132
13085
13081
13114
13101
13092
13150
13094
13134
13136
13097
13111
13086
13132
13119
13081
13131
13096
13079
13097
13122
13073
13119
13095
13124
13170
13088
13140
13137
13129
13132
13124
13123
13103
13154
13088
13070
13122
13186
13162
13165
13119
13065
13144
13097
13068
13108
13103
13079
13107
13085
13143
13113
13093
13136
13120
13153
13141
13095
13119
13096
13112
13127
13057
13107
13103
13135
13155
13110
13107
13137
13120
13084
13084
13137
13101
13097
13141
13147
13175
13108
13120
13135
13105
13162
13123
13145
13102
13099
13128
13124
13096
13064
13134
13139
13103
13108
13098
13116
13103
13088
13147
13106
13092
13090
13102
13112
13114
13148
13105
13115
13112
13072
13121
13174
13109
13201
13145
13080
13127
13125
13109
13093
13110
13141
13119
13092
13147
13062
13111
13121
13107
13129
13125
13159
13139
13103
13074
13147
13067
13133
13151
13046
13097
13106
13097
13130
13093
13175
13082
13148
13080
13111
13092
13119
13113
13124
13120
13122
13081
13102
13091
13128
13156
13152
13100
13085
13134
13111
13099
13097
13139
13121
13170
13147
13098
13110
13139
13155
13120
13080
13083
13144
13102
13117
13131
13105
13105
13140
13153
13062
13098
13130
13098
13136
13162
13142
13098
13055
13149
13064
13116
13154
13112
13095
13150
13103
13098
13138
13182
13158
13060
13105
13050
13156
13105
13128
13140
13099
13135
13119
13135
13112
13118
13084
13074
13054
13119
13143
13119
13163
13133
13065
13135
13087
13107
13139
13129
13110
13126
13154
13098
13160
13117
13140
13117
13149
13126
13103
13123
13089
13094
13071
13153
13091
13107
13137
13109
13164
13147
13145
13107
13140
13097
13103
13090
13116
13093
13129
13132
13104
13104
13168
13138
13098
13141
13091
13107
13085
13147
13084
13063
13133
13093
13095
13084
13104
13165
13092
13108
13110
13104
13092
13153
13115
13111
13090
13127
13145
13123
13092
13117
13144
13079
13056
13134
13074
13096
13145
13119
13125
13079
13114
13092
13084
13130
13125
13063
13118
13064
13104
13128
13139
13102
13065
13096
13159
13114
13068
13111
13102
13126
13101
13118
13092
13110
13166
13115
13136
13052
13143
13104
13122
13097
13083
13125
13129
13089
13117
13136
13097
13081
13192
13131
13125
13083
13210
13124
13140
13134
13105
13111
13113
13113
13131
13108
13192
13066
13132
13099
13126
13120
13151
13143
13140
13100
13139
13136
13087
13101
13087
13131
13146
13097
13115
13134
13161
13117
13108
13080
13134
13090
13118
13100
13107
13106
13147
13145
13110
13130
13071
13119
13091
13117
13138
13082
13115
13182
13123
13121
13096
13117
13150
13119
13121
13162
13141
13133
13108
13090
13135
13069
13108
13159
13077
13162
13161
13066
13149
13121
13131
13119
13096
13097
13136
13167
13121
13117
13104
13116
13107
13075
13087
13130
13140
13150
13117
13117
13163
13104
13146
13107
13075
13139
13092
13141
13120
13132
13140
13104
13091
13115
13128
13091
13099
13138
13132
13115
13118
13101
13114
13145
13132
13143
13130
13147
13127
13143
13063
13071
13132
13098
13147
13140
13115
13112
13119
13127
13127
13127
13114
13051
13090
13091
13099
13089
13108
13125
13136
13119
13136
13150
13145
13082
13103
13115
13101
13097
13101
13075
13120
13121
13183
13161
13082
13148
13095
13101
13164
13108
13131
13086
13116
13109
13154
13134
13094
13086
13148
13166
13159
13113
13090
13121
13155
13118
13095
13097
13088
13093
13113
13119
13063
13152
13101
13120
13114
13110
13159
13130
13099
13157
13049
13144
13157
13127
13124
13034
13100
13103
13087
13098
13124
13096
13072
13095
13161
13120
13119
13140
13169
13111
13088
13145
13112
13079
13091
13125
13079
13149
13106
13106
13084
13132
13107
13087
13133
13084
13103
13088
13135
13046
13080
13102
13107
13114
13099
13121
13120
13097
13128
13078
13092
13181
13075
13059
13084
13144
13128
13139
13098
13092
13103
13101
13103
13106
13128
13113
13167
13102
13106
13112
13093
13142
13099
13080
13123
13077
13144
13116
13093
13091
13104
13175
13120
13089
13083
13107
13088
13088
13099
13097
13133
13052
13079
13148
13135
13151
13166
13050
13160
13162
13129
13090
13130
13075
13091
13118
13085
13126
13109
13104
13101
13119
13071
13111
13140
13099
13137
13137
13091
13174
13108
13115
13151
13131
13120
13116
13047
13124
13103
13105
13086
13074
13131
13106
13144
13125
13120
13100
13090
13131
13158
13127
13100
13150
13125
13139
13092
13128
13180
13128
13115
13105
13078
13073
13124
13098
13099
13123
13078
13098
13111
13104
13064
13130
13099
13149
13130
13088
13081
13138
13131
13143
13130
13142
13118
13162
13086
13097
13099
13098
13102
13110
13121
13121
13137
13117
13138
13090
13144
13112
13092
13082
13116
13114
13117
13085
13161
13148
13085
13108
13161
13101
13100
13097
13098
13141
13127
13125
13146
13139
13133
13150
13066
13141
13105
13096
13123
13143
13139
13114
13144
13125
13105
13133
13090
13071
13127
13163
13088
13155
13076
13112
13125
13106
13135
13157
13071
13136
13136
13135
13141
13123
13096
13085
13092
13082
13091
13105
13183
13108
13101
13142
13127
13106
13092
13100
13103
13112
13146
13101
13133
13099
13137
13129
13108
13072
13135
13120
13121
13099
13111
13138
13133
13118
13131
13093
13150
13133
13087
13095
13122
13088
13152
13073
13103
13090
13108
13132
13100
13143
