135050
134456
134773
134747
134527
134540
134711
134724
134803
134492
134696
134790
134410
134607
134951
134902
134728
134414
134528
134819
134723
134766
134657
134793
134536
134414
134628
134560
134833
134724
134559
134953
134552
134627
134802
134699
134581
134649
134860
134971
135331
135152
134443
134955
134758
134713
135002
134606
134616
134662
134751
134305
134783
134830
134751
134948
134637
134838
134651
135200
134800
134871
134944
134767
135130
134579
134786
134842
134611
134806
135094
135177
134642
134919
134808
135072
134842
134433
134719
135215
134395
134820
134557
134650
134688
134588
134681
135090
134878
134880
134983
134421
134999
134608
134792
134492
134577
134973
134476
134794
134518
134393
134678
134733
134759
134390
134596
134696
134658
134650
134533
134909
134943
134798
134825
134417
134441
134738
134774
134679
134727
134631
134626
134798
134982
134993
135304
135073
134432
134616
134783
134761
134423
135041
134972
134803
135417
134730
134756
135372
134761
134638
134812
134851
134849
135339
134641
134423
134513
134832
134309
134550
134647
134768
134865
135112
134664
134804
135043
134353
134901
134664
135342
134731
134858
135039
134637
134602
134485
134828
134825
134792
134911
134442
134641
134529
134863
134569
134451
135193
134838
134626
134744
134700
134414
135030
135011
134640
135099
134524
134448
134748
135382
134777
134917
134452
134426
134466
134976
135443
134620
134762
134801
134412
135722
134664
134777
134719
134480
134800
135187
134837
134671
134767
134591
134984
134526
134491
134807
134896
134604
134856
134869
134688
135147
134816
134732
134771
135224
134978
134450
134695
134605
134459
134685
134728
134941
134751
135150
134862
134858
134927
134698
134582
134951
135046
134862
135082
134779
134682
134479
134764
134513
134524
134703
134870
134708
134606
134638
134617
134486
134444
134356
135168
134406
134616
134656
135269
134887
134592
134808
134904
134642
134671
134352
134451
134459
134692
134374
134419
134667
134917
135129
134829
134567
134738
134810
134561
134628
134772
134884
134677
134621
134620
134634
134787
134765
135143
134521
135002
134497
135076
134733
134761
134754
134618
135092
135255
134605
135009
134894
134611
134413
134745
134558
134981
134731
134550
134936
134627
134752
134830
135273
134342
134736
134740
134646
134830
134820
134924
135044
134627
134761
134597
134829
134984
134412
134502
134787
135032
134663
134390
134739
134707
134607
134557
134600
135034
134895
134842
134438
134724
134504
134540
134862
134940
134839
135070
135042
134893
134871
134955
134685
134615
135179
134319
134625
135070
134931
134728
134987
134560
135056
134675
134863
134793
134402
134558
134767
134575
134808
134621
134411
134694
134700
134784
134654
135304
134647
134624
134601
134698
135017
134964
134972
134739
134856
135049
134549
134630
134868
134395
134953
134683
134470
135324
134784
134589
134728
135012
134618
134895
134535
134756
134557
134440
134892
134728
134861
134578
134560
134731
134554
134808
134860
134651
134584
134460
134824
134883
134503
134762
134531
135109
134902
135059
134813
135047
134597
134840
134563
134727
134832
134850
134514
134491
134384
134506
135006
134858
134851
134527
134864
135183
134742
134953
134606
134801
134759
134781
134637
134456
134658
134376
134633
135168
134952
135008
134657
134956
134809
134673
134573
135337
134559
134428
135040
134815
134607
134770
134413
134931
134779
135026
134627
135374
134915
134901
134691
134681
134727
135138
134724
134672
134710
134796
134966
134813
134800
134764
134541
134872
134671
134940
135009
134788
134413
134992
134490
134806
134709
134566
134802
134833
134500
134441
134757
134641
135113
134967
135044
134862
134478
135140
134664
134735
135086
134594
134620
134766
134854
134502
134372
134998
134618
134761
134695
134605
134845
134893
134910
134412
134571
134941
135606
134888
134444
134825
134944
134623
134656
134584
134414
134556
134906
135037
134472
135143
134413
134894
134327
135061
134643
134540
134564
134739
134993
134693
134466
134751
134819
134960
134983
134558
134951
134648
134665
135078
134574
134600
134772
134637
134642
134505
134544
134595
134716
134589
134648
134409
134734
135015
134622
134811
134509
134968
134971
134638
134676
134898
134466
134831
134634
134930
134644
134708
134489
134684
134896
134502
134616
135020
134701
134864
134940
134701
134995
134882
135169
134716
134788
134678
134372
135042
135441
134677
134823
135035
135042
135098
134442
134890
134608
135050
134654
135306
134707
134422
134860
134594
134633
134773
134672
134923
134456
134591
134631
134879
134578
135022
134665
135080
135044
134603
134887
134893
134804
134741
134813
134606
134401
134627
134756
134606
135027
134842
134456
134628
134401
134750
134682
134981
134530
134832
134944
134399
134797
134480
135285
134828
134819
134773
134707
134809
134851
134634
134835
134546
134811
134573
134748
135114
135008
134632
135088
134693
134430
134428
134414
134966
135023
134597
134873
134765
134922
134865
134565
134811
134631
134639
135001
134780
135220
134494
134638
134610
134518
135209
134724
134664
134719
134639
134794
134633
134684
135107
134557
134560
134589
134461
134771
134951
134906
134814
134661
134967
134650
134983
135095
134938
134839
135148
134814
135079
134635
134763
134961
134434
134619
134856
134835
135634
134589
134783
134408
134584
134589
134589
135020
134588
134613
134423
134610
134584
134682
134355
134503
134620
134983
134903
134949
135067
134433
134921
134412
134759
134725
134822
134798
134519
134971
134496
134885
134654
134650
135178
134500
134623
134687
134906
134649
134991
135193
135314
134664
134443
135311
134693
134612
134585
134647
134749
134540
135015
134745
134435
135205
134790
135055
134665
134846
134268
134587
134619
134626
134578
134878
134609
134698
134653
134848
134982
134642
134747
134668
134631
134930
134487
134728
134781
134551
134622
135190
134427
134413
134748
134947
134583
134611
134837
134521
134826
134870
134701
134802
134713
135021
134572
134434
134806
134480
134625
135043
134581
134649
134866
134752
134752
134979
135026
134703
134703
134633
134621
134855
135079
134636
135038
134767
134601
135088
134741
134650
135159
134819
134996
134405
134435
134886
134809
134745
134743
134594
134922
134507
134735
134544
134510
134925
134498
134893
134543
134774
134635
134540
134735
134856
134954
134692
134705
134513
134675
134844
134455
134708
134876
134927
134922
134885
134461
134629
135037
134834
134891
134650
134585
134638
134600
134729
134684
134873
134420
135110
134647
135027
134442
134642
134683
134707
134846
134712
134586
134651
134760
134520
134470
134620
134837
135121
134677
134627
134656
134605
135020
134473
134737
135032
135402
134562
134465
134786
134738
134451
134885
134469
135165
134663
134659
134595
134961
135137
134375
135360
134496
135092
135024
134956
134885
134704
134885
134729
134750
134472
135033
135167
134754
134601
134757
134647
134431
134955
134586
134957
134766
134891
134907
134870
135072
134522
135039
134838
134772
134851
134680
134574
134660
134691
135143
134840
134714
