7453
7488
7465
7468
7431
7465
7452
7444
7467
7436
7439
7483
7480
7461
7435
7476
7442
7451
7439
7447
7465
7437
7448
7438
7476
7462
7464
7478
7461
7462
7462
7445
7481
7467
7441
7458
7425
7419
7453
7473
7447
7485
7464
7450
7443
7429
7466
7447
7439
7456
7431
7482
7459
7482
7460
7448
7444
7464
7432
7462
7474
7439
7469
7463
7455
7465
7440
7454
7471
7467
7454
7426
7468
7463
7447
7459
7448
7464
7461
7455
7424
7466
7448
7458
7451
7437
7467
7435
7464
7470
7440
7441
7467
7453
7440
7463
7444
7474
7488
7423
7456
7468
7452
7472
7453
7456
7483
7432
7447
7462
7474
7446
7436
7435
7440
7462
7446
7462
7473
7472
7467
7462
7459
7457
7477
7459
7450
7468
7466
7453
7439
7447
7475
7457
7435
7455
7429
7441
7457
7475
7472
7432
7479
7466
7454
7484
7461
7472
7451
7444
7455
7433
7442
7445
7438
7455
7466
7456
7458
7500
7418
7459
7480
7451
7447
7436
7488
7483
7461
7432
7473
7467
7451
7458
7463
7467
7463
7479
7457
7440
7447
7469
7464
7454
7466
7462
7450
7470
7425
7461
7460
7454
7423
7449
7469
7455
7461
7430
7456
7467
7467
7456
7455
7451
7472
7436
7450
7467
7454
7477
7445
7447
7453
7476
7460
7469
7468
7464
7436
7447
7439
7453
7430
7440
7448
7444
7461
7438
7440
7447
7456
7461
7469
7439
7470
7452
7470
7463
7444
7453
7447
7459
7441
7457
7488
7477
7459
7447
7421
7450
7438
7441
7469
7454
7450
7478
7426
7460
7435
7446
7434
7440
7450
7441
7463
7448
7485
7448
7434
7470
7470
7450
7440
7462
7477
7439
7461
7439
7441
7470
7445
7453
7484
7442
7457
7492
7454
7467
7458
7476
7459
7440
7482
7443
7445
7473
7457
7470
7480
7450
7460
7470
7473
7451
7454
7455
7449
7435
7471
7473
7450
7487
7425
7467
7453
7447
7460
7460
7466
7460
7447
7447
7455
7502
7437
7481
7446
7471
7432
7457
7432
7463
7464
7440
7488
7435
7479
7453
7476
7436
7467
7482
7462
7465
7457
7470
7440
7459
7427
7448
7451
7431
7456
7469
7460
7467
7421
7433
7479
7497
7442
7453
7467
7444
7474
7450
7462
7455
7472
7465
7467
7458
7493
7469
7443
7458
7426
7451
7464
7435
7440
7447
7440
7474
7458
7474
7463
7445
7451
7466
7481
7436
7454
7466
7463
7476
7436
7440
7450
7432
7460
7467
7448
7463
7444
7450
7459
7469
7427
7453
7496
7477
7469
7454
7463
7462
7462
7450
7431
7441
7485
7470
7454
7434
7429
7462
7444
7460
7460
7470
7455
7446
7443
7462
7479
7461
7457
7467
7441
7449
7463
7461
7467
7433
7440
7459
7465
7454
7455
7439
7450
7451
7439
7456
7436
7465
7463
7459
7445
7455
7450
7451
7449
7448
7447
7464
7458
7462
7471
7478
7448
7433
7429
7442
7448
7441
7453
7479
7453
7501
7500
7424
7475
7457
7459
7425
7452
7454
7440
7441
7455
7463
7471
7464
7451
7482
7486
7454
7465
7446
7446
7426
7425
7465
7446
7444
7455
7435
7477
7487
7476
7437
7462
7412
7446
7441
7488
7463
7441
7432
7468
7454
7449
7463
7482
7427
7447
7447
7480
7454
7460
7449
7440
7431
7448
7444
7466
7492
7461
7444
7454
7466
7461
7473
7469
7477
7440
7465
7459
7465
7471
7480
7448
7455
7466
7466
7478
7440
7440
7430
7491
7482
7449
7428
7442
7469
7427
7432
7469
7453
7450
7449
7446
7481
7467
7469
7449
7462
7474
7460
7469
7453
7452
7450
7461
7432
7457
7444
7456
7462
7452
7479
7440
7449
7454
7426
7468
7438
7483
7459
7463
7460
7440
7456
7472
7422
7444
7434
7475
7427
7452
7446
7429
7449
7469
7453
7482
7459
7468
7460
7458
7443
7465
7469
7457
7493
7466
7465
7445
7458
7454
7464
7474
7444
7460
7475
7433
7481
7427
7454
7420
7458
7458
7438
7463
7441
7424
7459
7458
7464
7428
7480
7474
7468
7468
7478
7457
7439
7443
7454
7428
7453
7430
7471
7445
7446
7449
7449
7462
7447
7453
7467
7446
7466
7465
7486
7457
7459
7446
7491
7442
7434
7465
7451
7464
7464
7483
7461
7472
7463
7502
7443
7450
7447
7467
7436
7460
7465
7446
7451
7445
7442
7457
7449
7468
7436
7456
7498
7432
7447
7477
7438
7458
7451
7462
7442
7444
7471
7450
7447
7460
7449
7480
7479
7451
7463
7463
7439
7455
7457
7444
7432
7456
7479
7455
7425
7434
7469
7441
7452
7445
7431
7447
7468
7454
7471
7440
7472
7474
7476
7459
7470
7443
7466
7480
7436
7451
7443
7454
7451
7475
7461
7444
7446
7469
7437
7444
7454
7452
7449
7467
7446
7456
7453
7480
7455
7465
7478
7473
7463
7483
7427
7437
7427
7444
7456
7462
7479
7454
7439
7417
7456
7438
7480
7441
7460
7464
7458
7456
7460
7495
7484
7435
7483
7476
7480
7460
7446
7449
7437
7450
7480
7458
7451
7457
7472
7422
7422
7431
7454
7470
7438
7444
7489
7440
7452
7488
7469
7476
7431
7444
7459
7450
7430
7453
7479
7459
7476
7449
7474
7482
7441
7444
7473
7450
7442
7430
7445
7458
7486
7421
7457
7459
7473
7433
7486
7490
7442
7422
7480
7439
7449
7437
7454
7483
7442
7448
7444
7434
7457
7446
7449
7434
7439
7447
7458
7458
7469
7461
7442
7421
7445
7449
7472
7472
7469
7454
7448
7458
7442
7451
7459
7486
7446
7459
7481
7458
7459
7439
7440
7449
7446
7458
7457
7447
7457
7470
7433
7451
7471
7438
7476
7432
7466
7454
7418
7476
7460
7462
7431
7432
7461
7453
7430
7463
7437
7439
7436
7471
7492
7452
7462
7432
7455
7452
7443
7449
7462
7484
7453
7457
7436
7469
7469
7469
7445
7478
7445
7438
7457
7450
7467
7467
7462
7480
7430
7448
7457
7471
7500
7465
7476
7457
7473
7454
7477
7426
7478
7473
7459
7461
7430
7480
7445
7462
7437
7447
7443
7480
7427
7462
7461
7464
7432
7442
7430
7453
7457
7443
7451
7470
7439
7444
7458
7453
7447
7468
7442
7446
7447
