14746
14757
14710
14695
14687
14722
14728
14714
14721
14665
14700
14736
14719
14709
14699
14733
14686
14723
14694
14723
14717
14701
14722
14699
14741
14750
14734
14744
14710
14736
14744
14700
14730
14722
14718
14701
14632
14705
14735
14763
14693
14727
14683
14730
14684
14685
14737
14672
14700
14740
14717
14748
14709
14756
14768
14716
14706
14720
14688
14709
14725
14705
14739
14738
14714
14755
14708
14721
14735
14721
14715
14703
14756
14715
14698
14741
14693
14747
14742
14716
14684
14751
14699
14706
14720
14723
14735
14676
14714
14751
14729
14725
14745
14700
14698
14723
14678
14725
14738
14718
14700
14719
14732
14712
14689
14721
14735
14709
14695
14725
14728
14709
14706
14724
14721
14727
14718
14705
14759
14749
14721
14735
14708
14701
14748
14738
14713
14740
14716
14716
14702
14701
14741
14730
14678
14709
14680
14696
14727
14729
14752
14736
14724
14724
14729
14694
14741
14708
14718
14695
14704
14681
14711
14755
14684
14722
14751
14690
14677
14734
14693
14710
14726
14703
14716
14679
14717
14749
14736
14729
14737
14715
14762
14746
14730
14700
14695
14739
14702
14692
14698
14710
14727
14705
14732
14715
14738
14723
14713
14709
14743
14709
14701
14723
14757
14701
14693
14690
14690
14774
14745
14720
14722
14725
14744
14720
14683
14702
14720
14740
14713
14703
14730
14729
14726
14746
14720
14738
14707
14698
14708
14721
14679
14710
14698
14708
14722
14696
14666
14695
14729
14731
14725
14712
14765
14726
14710
14744
14708
14712
14706
14692
14700
14722
14732
14761
14715
14711
14703
14697
14703
14720
14708
14737
14748
14731
14699
14732
14702
14726
14735
14705
14697
14714
14725
14736
14777
14697
14727
14715
14741
14713
14712
14736
14714
14683
14712
14700
14679
14727
14728
14702
14748
14703
14713
14748
14714
14714
14720
14741
14721
14703
14741
14691
14693
14755
14704
14727
14730
14723
14720
14744
14760
14715
14732
14715
14703
14704
14734
14733
14706
14780
14663
14750
14700
14703
14723
14722
14707
14724
14686
14719
14704
14759
14719
14733
14720
14735
14717
14732
14705
14748
14692
14699
14754
14712
14740
14708
14718
14707
14739
14715
14746
14752
14700
14701
14689
14716
14704
14715
14696
14717
14721
14723
14710
14748
14703
14676
14759
14763
14713
14704
14720
14682
14714
14700
14726
14729
14724
14707
14726
14726
14755
14713
14738
14725
14682
14724
14739
14690
14717
14740
14714
14718
14700
14737
14743
14719
14730
14687
14760
14699
14722
14740
14702
14729
14689
14680
14727
14697
14687
14735
14696
14728
14723
14705
14712
14717
14685
14683
14751
14734
14731
14697
14719
14717
14751
14721
14652
14711
14758
14714
14721
14694
14705
14742
14719
14712
14725
14723
14724
14697
14698
14743
14740
14731
14737
14723
14702
14697
14727
14727
14712
14694
14700
14740
14726
14703
14725
14698
14736
14755
14704
14755
14712
14721
14706
14733
14698
14709
14711
14717
14733
14716
14719
14705
14739
14747
14725
14741
14717
14697
14685
14702
14708
14692
14713
14750
14726
14715
14775
14689
14743
14726
14713
14668
14720
14702
14699
14713
14700
14703
14736
14718
14714
14725
14756
14731
14706
14730
14699
14690
14704
14719
14724
14701
14707
14716
14727
14714
14745
14685
14745
14687
14713
14728
14730
14721
14715
14690
14713
14734
14713
14709
14752
14710
14709
14697
14734
14723
14722
14709
14673
14725
14726
14711
14721
14745
14743
14717
14705
14734
14742
14742
14722
14724
14682
14714
14713
14723
14731
14750
14719
14726
14718
14722
14732
14692
14693
14731
14775
14742
14712
14708
14704
14698
14710
14687
14717
14723
14713
14697
14722
14739
14731
14714
14706
14706
14734
14702
14729
14716
14741
14729
14700
14718
14730
14715
14711
14736
14687
14743
14712
14718
14691
14686
14765
14706
14745
14727
14749
14722
14714
14727
14729
14682
14719
14678
14771
14698
14706
14720
14676
14712
14735
14686
14739
14701
14734
14729
14744
14704
14766
14733
14712
14768
14773
14701
14708
14728
14739
14727
14720
14697
14753
14751
14703
14737
14700
14743
14652
14694
14723
14690
14719
14728
14643
14714
14740
14706
14690
14717
14734
14698
14706
14717
14747
14678
14715
14708
14683
14697
14701
14738
14738
14706
14690
14680
14716
14719
14722
14748
14703
14740
14721
14754
14717
14742
14729
14742
14706
14737
14742
14725
14699
14708
14753
14735
14743
14714
14739
14728
14708
14729
14717
14687
14692
14744
14728
14717
14713
14689
14718
14747
14732
14718
14713
14739
14702
14716
14769
14672
14724
14703
14755
14723
14694
14739
14693
14701
14717
14691
14729
14737
14712
14755
14749
14708
14739
14697
14735
14691
14734
14714
14739
14667
14695
14722
14713
14713
14669
14683
14679
14738
14684
14728
14711
14724
14703
14729
14733
14702
14716
14718
14742
14714
14699
14714
14711
14716
14751
14732
14690
14707
14740
14682
14698
14713
14689
14728
14746
14691
14746
14706
14741
14730
14700
14699
14742
14683
14709
14703
14694
14681
14679
14732
14756
14706
14711
14714
14682
14710
14711
14711
14701
14750
14722
14723
14706
14716
14734
14697
14696
14721
14726
14732
14722
14685
14696
14711
14708
14747
14737
14715
14744
14756
14689
14703
14711
14724
14753
14695
14745
14754
14719
14719
14739
14748
14733
14733
14722
14719
14735
14706
14716
14756
14706
14760
14711
14742
14747
14717
14705
14736
14692
14679
14703
14712
14717
14740
14679
14715
14741
14716
14760
14729
14731
14696
14685
14733
14700
14716
14712
14730
14755
14698
14721
14685
14684
14724
14720
14711
14706
14682
14710
14725
14736
14747
14696
14689
14677
14695
14686
14712
14731
14718
14728
14708
14699
14712
14733
14730
14764
14686
14721
14717
14710
14714
14695
14721
14706
14721
14714
14709
14711
14741
14726
14676
14730
14725
14719
14733
14660
14734
14730
14682
14748
14732
14725
14709
14693
14739
14730
14693
14750
14684
14739
14691
14731
14745
14708
14719
14685
14729
14699
14711
14727
14759
14733
14700
14734
14704
14739
14736
14703
14698
14761
14722
14712
14752
14721
14738
14724
14691
14747
14706
14701
14712
14722
14720
14718
14735
14727
14747
14715
14740
14705
14728
14769
14733
14731
14659
14703
14699
14728
14691
14688
14686
14745
14716
14728
14757
14709
14705
14709
14678
14736
14707
14725
14703
14714
14714
14736
14727
14701
14726
14730
14730
14710
14712
