194805
194505
194664
194652
194543
194549
194639
194652
194679
194523
194637
194679
194490
194586
194760
194727
194652
194484
194551
194688
194641
194664
194611
194686
194557
194492
194594
194550
194693
194649
194563
194748
194560
194591
194688
194636
194574
194599
194714
194775
194950
194864
194500
194754
194663
194643
194778
194588
194592
194620
194663
194435
194671
194694
194646
194754
194605
194698
194609
194889
194677
194724
194755
194657
194864
194568
194680
194703
194579
194677
194825
194876
194601
194741
194681
194806
194706
194490
194646
194872
194476
194696
194566
194600
194624
194579
194626
194830
194715
194727
194777
194501
194784
194582
194678
194523
194567
194757
194510
194682
194538
194470
194622
194642
194662
194480
194577
194630
194606
194607
194539
194744
194754
194673
194690
194484
194508
194648
194680
194620
194644
194602
194584
194677
194767
194777
194940
194821
194493
194585
194671
194661
194495
194809
194776
194682
194991
194643
194661
194970
194660
194597
194685
194698
194708
194947
194590
194492
194534
194696
194429
194548
194598
194663
194726
194832
194605
194682
194799
194452
194731
194619
194951
194635
194710
194794
194595
194582
194521
194689
194697
194679
194746
194494
194595
194554
194708
194569
194503
194889
194697
194593
194646
194627
194487
194804
194788
194592
194841
194551
194499
194652
194973
194662
194737
194505
194493
194514
194755
195007
194582
194661
194678
194476
195153
194614
194667
194639
194524
194684
194881
194701
194619
194658
194578
194786
194555
194519
194688
194732
194587
194708
194721
194621
194860
194675
194656
194658
194898
194762
194498
194626
194577
194514
194629
194645
194757
194650
194855
194706
194719
194746
194624
194566
194755
194800
194703
194828
194673
194630
194521
194666
194536
194549
194635
194711
194640
194573
194586
194594
194524
194504
194456
194864
194488
194584
194608
194919
194727
194574
194679
194730
194609
194613
194463
194503
194513
194626
194465
194478
194614
194744
194850
194690
194562
194655
194684
194557
194598
194672
194720
194623
194596
194596
194604
194682
194672
194851
194535
194773
194520
194812
194645
194653
194659
194599
194825
194911
194570
194792
194726
194599
194486
194661
194576
194776
194644
194560
194753
194600
194655
194691
194925
194455
194643
194643
194601
194702
194682
194737
194807
194581
194663
194575
194697
194777
194493
194535
194677
194801
194606
194472
194647
194640
194576
194556
194572
194803
194718
194706
194505
194641
194529
194548
194715
194758
194710
194823
194808
194728
194712
194760
194622
194584
194882
194444
194602
194814
194750
194645
194778
194559
194812
194615
194715
194679
194482
194561
194670
194565
194685
194587
194480
194629
194629
194680
194602
194943
194594
194594
194573
194628
194787
194768
194770
194656
194700
194803
194561
194605
194721
194475
194752
194623
194520
194931
194670
194571
194640
194795
194585
194731
194534
194657
194559
194504
194727
194647
194713
194564
194555
194643
194561
194681
194714
194608
194576
194515
194688
194723
194528
194658
194541
194836
194731
194818
194690
194801
194582
194709
194570
194638
194699
194709
194532
194525
194470
194539
194779
194702
194710
194546
194710
194865
194659
194766
194584
194696
194656
194667
194595
194511
194595
194472
194599
194867
194753
194792
194612
194752
194678
194628
194571
194948
194558
194487
194811
194682
194584
194670
194494
194753
194676
194801
194602
194974
194744
194735
194629
194624
194641
194856
194641
194619
194644
194683
194765
194691
194688
194673
194551
194713
194612
194758
194789
194666
194485
194783
194529
194684
194639
194567
194679
194686
194537
194493
194656
194598
194839
194757
194797
194709
194516
194864
194616
194647
194823
194576
194594
194664
194714
194536
194465
194781
194583
194658
194616
194576
194697
194730
194733
194484
194568
194750
195084
194727
194503
194701
194751
194585
194612
194580
194488
194563
194734
194794
194512
194858
194476
194730
194433
194804
194589
194555
194560
194659
194770
194619
194519
194654
194678
194770
194771
194558
194760
194600
194614
194822
194554
194592
194664
194600
194599
194531
194554
194577
194630
194568
194604
194486
194654
194784
194598
194681
194535
194761
194770
194596
194621
194729
194519
194711
194602
194749
194606
194638
194527
194627
194729
194526
194595
194794
194637
194711
194743
194622
194777
194725
194864
194642
194681
194618
194467
194789
195000
194619
194698
194802
194813
194828
194496
194717
194584
194813
194606
194931
194630
194493
194709
194582
194589
194669
194614
194742
194513
194584
194598
194723
194566
194795
194609
194830
194806
194580
194727
194737
194684
194649
194683
194575
194471
194585
194658
194578
194795
194707
194511
194592
194483
194654
194614
194765
194555
194693
194757
194485
194688
194523
194931
194690
194675
194655
194629
194695
194711
194605
194694
194559
194686
194574
194662
194849
194785
194591
194822
194628
194496
194490
194488
194771
194788
194583
194721
194660
194747
194719
194570
194678
194601
194600
194771
194677
194893
194531
194604
194583
194541
194882
194653
194606
194639
194602
194674
194596
194620
194835
194557
194563
194576
194514
194662
194755
194738
194681
194610
194766
194605
194776
194829
194751
194700
194855
194685
194822
194598
194658
194767
194488
194591
194714
194697
195098
194571
194667
194490
194578
194573
194569
194790
194567
194581
194480
194587
194571
194616
194461
194527
194598
194767
194730
194761
194826
194499
194746
194488
194661
194644
194685
194678
194532
194769
194524
194713
194609
194612
194870
194527
194590
194618
194737
194603
194777
194876
194947
194615
194508
194935
194627
194580
194574
194612
194663
194548
194789
194652
194504
194879
194685
194807
194612
194702
194412
194571
194589
194595
194570
194720
194586
194626
194608
194710
194780
194599
194646
194613
194595
194750
194536
194640
194670
194552
194582
194875
194501
194489
194658
194749
194585
194587
194701
194541
194702
194713
194632
194671
194640
194782
194566
194493
194683
194512
194586
194801
194563
194605
194717
194647
194655
194772
194799
194632
194625
194596
194583
194703
194826
194596
194800
194673
194584
194831
194649
194603
194860
194692
194780
194488
194494
194731
194685
194657
194655
194566
194744
194538
194646
194554
194528
194740
194530
194733
194561
194669
194597
194550
194651
194710
194759
194625
194638
194539
194611
194698
194501
194629
194721
194743
194745
194729
194509
194596
194799
194697
194729
194603
194571
194606
194583
194639
194624
194719
194490
194839
194609
194793
194506
194613
194615
194631
194709
194637
194570
194606
194667
194543
194516
194593
194698
194841
194619
194598
194605
194578
194800
194513
194644
194803
194986
194551
194508
194667
194649
194506
194728
194514
194865
194620
194610
194586
194766
194853
194470
194966
194529
194833
194801
194755
194722
194634
194721
194644
194655
194505
194808
194863
194657
194578
194661
194601
194497
194750
194574
194767
194664
194723
194723
194713
194817
194541
194796
194695
194668
194702
194619
194573
194613
194629
194857
194698
194633
