5039
5038
5039
5035
5031
5033
5039
5035
5033
5035
5030
5033
5029
5036
5027
5035
5017
5036
5042
5037
5037
5027
5030
5027
5028
5035
5030
5041
5032
5029
5029
5041
5025
5022
5041
5033
5029
5022
5034
5034
5031
5033
5035
5036
5038
5039
5030
5030
5035
5033
5023
5037
5029
5031
5031
5032
5044
5032
5030
5030
5032
5034
5030
5033
5037
5029
5038
5033
5027
5037
5029
5028
5035
5031
5030
5031
5029
5033
5043
5032
5032
5035
5037
5034
5025
5031
5029
5033
5038
5034
5038
5030
5035
5034
5032
5028
5036
5037
5037
5027
5027
5036
5035
5040
5037
5033
5032
5032
5027
5027
5040
5030
5031
5042
5036
5025
5033
5027
5025
5030
5035
5033
5037
5034
5029
5037
5035
5038
5036
5037
5043
5027
5033
5032
5032
5027
5033
5038
5033
5035
5030
5030
5033
5028
5032
5031
5031
5027
5027
5031
5040
5034
5027
5024
5036
5026
5039
5045
5030
5037
5028
5026
5028
5030
5028
5033
5035
5028
5037
5035
5038
5033
5033
5036
5030
5034
5028
5039
5036
5034
5027
5034
5031
5030
5028
5035
5026
5024
5046
5025
5039
5028
5030
5033
5033
5038
5037
5033
5041
5036
5036
5032
5032
5040
5026
5030
5033
5041
5041
5031
5034
5043
5036
5029
5040
5028
5033
5042
5039
5031
5033
5034
5031
5024
5028
5030
5033
5028
5032
5045
5030
5028
5026
5030
5031
5035
5034
5028
5027
5043
5027
5033
5046
5028
5021
5029
5033
5036
5030
5027
5036
5028
5032
5026
5028
5035
5035
5024
5035
5035
5028
5031
5042
5029
5036
5031
5024
5031
5040
5035
5028
5030
5030
5032
5035
5034
5038
5035
5028
5020
5023
5030
5030
5028
5028
5029
5025
5027
5033
5022
5033
5036
5033
5045
5031
5029
5026
5029
5030
5020
5041
5030
5028
5026
5038
5028
5036
5038
5031
5032
5032
5031
5032
5031
5031
5035
5022
5028
5035
5028
5035
5034
5048
5026
5030
5036
5032
5038
5032
5023
5032
5032
5034
5026
5035
5035
5029
5029
5039
5041
5022
5037
5035
5030
5035
5038
5036
5035
5032
5041
5031
5037
5031
5030
5037
5030
5031
5035
5033
5030
5035
5026
5027
5032
5035
5031
5032
5034
5039
5033
5026
5032
5030
5038
5039
5027
5032
5031
5028
5033
5034
5037
5031
5033
5038
5037
5032
5042
5035
5037
5030
5028
5038
5026
5028
5031
5031
5032
5030
5037
5035
5034
5027
5037
5037
5039
5028
5039
5033
5036
5036
5034
5032
5036
5033
5031
5030
5039
5036
5028
5034
5036
5032
5037
5028
5035
5035
5023
5031
5037
5032
5034
5028
5039
5031
5041
5035
5039
5034
5030
5030
5029
5024
5036
5028
5036
5033
5035
5035
5030
5038
5032
5034
5032
5034
5036
5039
5028
5029
5026
5035
5036
5026
5035
5029
5033
5030
5029
5033
5025
5034
5035
5034
5029
5029
5031
5037
5035
5029
5029
5033
5037
5034
5040
5035
5036
5034
5034
5037
5039
5028
5033
5032
5029
5036
5034
5031
5034
5042
5035
5035
5030
5027
5038
5038
5031
5039
5038
5031
5035
5029
5032
5033
5034
5036
5035
5042
5034
5037
5033
5025
5035
5039
5032
5033
5037
5030
5029
5028
5031
5034
5038
5036
5034
5037
5032
5026
5029
5026
5035
5035
5028
5032
5032
5033
5029
5032
5036
5035
5028
5033
5030
5039
5035
5039
5032
5029
5037
5028
5029
5037
5030
5037
5024
5028
5035
5033
5033
5028
5036
5031
5030
5027
5028
5026
5030
5038
5038
5034
5032
5035
5035
5025
5029
5032
5034
5040
5028
5031
5033
5022
5031
5036
5038
5037
5031
5037
5036
5030
5031
5030
5031
5036
5036
5026
5032
5031
5044
5031
5038
5032
5030
5029
5034
5037
5025
5039
5029
5034
5029
5028
5032
5037
5033
5027
5029
5025
5040
5030
5031
5033
5032
5037
5032
5032
5033
5027
5041
5033
5037
5026
5027
5043
5024
5035
5034
5030
5042
5026
5029
5031
5036
5032
5042
5029
5034
5034
5028
5033
5038
5030
5036
5037
5031
5039
5029
5037
5031
5028
5039
5035
5033
5033
5030
5028
5036
5026
5034
5034
5042
5029
5030
5033
5033
5030
5030
5034
5037
5033
5024
5034
5034
5039
5040
5029
5035
5030
5036
5033
5030
5040
5036
5037
5034
5033
5025
5035
5035
5035
5033
5026
5031
5035
5031
5029
5035
5027
5037
5033
5028
5036
5033
5029
5040
5040
5035
5031
5034
5033
5027
5030
5036
5038
5037
5026
5033
5029
5040
5029
5030
5032
5032
5037
5034
5034
5028
5036
5033
5042
5036
5030
5030
5036
5033
5029
5032
5027
5029
5030
5037
5032
5039
5038
5043
5024
5026
5036
5039
5029
5036
5037
5025
5044
5031
5039
5028
5032
5030
5022
5030
5034
5029
5030
5035
5042
5032
5029
5029
5037
5045
5035
5028
5038
5024
5034
5034
5031
5034
5039
5035
5030
5035
5035
5034
5039
5029
5038
5032
5030
5030
5033
5031
5028
5032
5032
5024
5036
5028
5027
5031
5026
5027
5032
5031
5027
5030
5039
5036
5041
5029
5020
5031
5039
5030
5033
5033
5022
5036
5031
5031
5035
5033
5032
5031
5034
5027
5040
5031
5036
5039
5032
5026
5031
5024
5042
5028
5036
5030
5025
5038
5033
5030
5030
5026
5039
5042
5029
5031
5032
5040
5027
5037
5031
5025
5028
5042
5028
5028
5036
5035
5027
5031
5041
5036
5032
5027
5030
5028
5034
5028
5039
5031
5024
5032
5032
5031
5034
5035
5045
5037
5038
5035
5027
5034
5030
5041
5035
5034
5039
5034
5024
5036
5029
5034
5040
5028
5032
5030
5037
5036
5040
5036
5036
5038
5023
5028
5032
5029
5025
5029
5029
5033
5027
5033
5030
5029
5036
5026
5029
5031
5023
5035
5033
5031
5031
5024
5030
5027
5029
5034
5039
5035
5037
5032
5032
5028
5034
5033
5035
5027
5038
5027
5034
5038
5036
5029
5037
5035
5033
5029
5034
5038
5024
5035
5036
5032
5030
5039
5029
5026
5034
5022
5031
5029
5028
5035
5021
5036
5042
5032
5030
5023
5035
5037
5033
5026
5033
5027
5030
5030
