70499
70514
70504
70527
70516
70522
70494
70510
70513
70501
70509
70513
70510
70508
70502
70529
70509
70463
70482
70487
70502
70492
70507
70508
70520
70539
70524
70511
70504
70515
70538
70491
70489
70514
70477
70520
70499
70475
70485
70474
70474
70489
70504
70494
70496
70538
70498
70505
70470
70527
70510
70496
70506
70492
70502
70504
70500
70519
70515
70534
70512
70515
70505
70531
70492
70492
70523
70499
70548
70503
70476
70499
70527
70499
70519
70533
70527
70497
70479
70535
70492
70480
70477
70507
70517
70535
70514
70530
70533
70485
70521
70505
70502
70487
70542
70519
70518
70489
70530
70517
70482
70487
70509
70496
70521
70504
70495
70511
70515
70470
70523
70488
70499
70499
70517
70490
70531
70488
70532
70523
70482
70520
70508
70524
70509
70464
70520
70510
70517
70526
70518
70524
70530
70502
70542
70555
70504
70486
70495
70508
70497
70493
70507
70503
70522
70470
70494
70496
70522
70518
70523
70515
70520
70506
70505
70499
70520
70521
70510
70484
70513
70499
70526
70520
70527
70514
70537
70496
70515
70498
70487
70498
70496
70444
70489
70498
70512
70502
70506
70485
70530
70514
70502
70508
70486
70509
70550
70508
70514
70517
70516
70514
70486
70522
70520
70489
70487
70508
70515
70478
70523
70534
70495
70512
70483
70527
70483
70487
70494
70496
70505
70502
70512
70519
70484
70501
70491
70501
70489
70486
70500
70505
70501
70525
70510
70524
70511
70506
70520
70514
70548
70525
70500
70508
70503
70512
70514
70484
70512
70504
70511
70513
70513
70515
70493
70508
70497
70528
70476
70484
70507
70483
70484
70464
70515
70488
70492
70516
70495
70536
70492
70499
70483
70512
70484
70522
70502
70458
70525
70527
70487
70487
70477
70525
70527
70513
70495
70494
70505
70488
70544
70496
70495
70508
70465
70509
70534
70524
70514
70538
70504
70507
70494
70487
70531
70502
70544
70504
70541
70520
70503
70506
70494
70506
70504
70535
70491
70499
70520
70497
70502
70507
70533
70541
70496
70497
70511
70521
70497
70515
70500
70489
70505
70512
70507
70509
70495
70498
70490
70521
70530
70486
70475
70489
70525
70507
70502
70503
70518
70514
70523
70502
70494
70514
70489
70511
70505
70549
70519
70526
70488
70493
70521
70505
70501
70507
70480
70467
70490
70517
70504
70487
70500
70520
70509
70476
70489
70500
70484
70524
70501
70498
70521
70509
70501
70524
70517
70505
70498
70494
70463
70520
70526
70492
70488
70496
70510
70513
70514
70490
70531
70483
70513
70523
70522
70497
70486
70515
70478
70512
70508
70506
70483
70518
70505
70489
70525
70514
70527
70490
70517
70502
70507
70519
70523
70521
70516
70517
70485
70511
70527
70512
70510
70517
70508
70524
70540
70489
70498
70525
70521
70489
70531
70495
70514
70517
70528
70512
70502
70499
70528
70486
70521
70519
70486
70512
70501
70528
70526
70502
70501
70520
70518
70491
70500
70520
70487
70489
70509
70479
70496
70527
70513
70524
70514
70473
70502
70497
70500
70501
70535
70508
70485
70479
70511
70510
70527
70508
70512
70481
70511
70544
70516
70483
70515
70492
70494
70500
70488
70531
70508
70479
70527
70487
70527
70519
70508
70537
70508
70516
70506
70543
70473
70525
70513
70488
70521
70513
70483
70477
70467
70503
70491
70517
70506
70497
70506
70528
70523
70484
70547
70511
70536
70518
70491
70481
70496
70533
70513
70489
70503
70495
70512
70487
70567
70500
70478
70502
70504
70504
70483
70503
70510
70530
70480
70486
70492
70519
70497
70517
70533
70524
70518
70509
70494
70488
70512
70494
70482
70483
70479
70514
70510
70503
70507
70514
70520
70509
70506
70479
70541
70548
70508
70500
70540
70517
70499
70494
70504
70487
70458
70485
70493
70478
70528
70506
70547
70536
70496
70518
70494
70499
70526
70518
70508
70549
70524
70522
70496
70506
70490
70497
70507
70536
70504
70506
70473
70499
70505
70539
70483
70541
70490
70504
70506
70482
70524
70476
70492
70526
70503
70502
70493
70525
70517
70502
70489
70527
70508
70492
70520
70517
70517
70490
70473
70511
70522
70501
70519
70533
70508
70544
70524
70493
70497
70511
70514
70492
70469
70512
70508
70544
70483
70502
70504
70533
70513
70504
70484
70485
70527
70491
70473
70527
70508
70493
70517
70515
70489
70521
70503
70540
70490
70503
70479
70511
70540
70526
70521
70506
70512
70507
70546
70505
70516
70542
70488
70477
70498
70527
70518
70561
70462
70507
70493
70509
70500
70493
70501
70490
70511
70507
70508
70523
70514
70492
70493
70484
70494
70514
70509
70501
70527
70514
70511
70485
70492
70522
70521
70492
70470
70479
70487
70499
70503
70508
70516
70500
70502
70492
70496
70516
70490
70488
70528
70514
70500
70496
70502
70529
70503
70519
70533
70497
70514
70534
70529
70531
70485
70515
70531
70491
70521
70527
70485
70485
70489
70529
70490
70500
70508
70502
70514
70510
70496
70481
70492
70513
70537
70497
70485
70501
70537
70509
70469
70507
70490
70492
70498
70545
70484
70540
70534
70507
70501
70478
70484
70505
70516
70482
70527
70513
70527
70491
70507
70519
70525
70510
70502
70510
70478
70512
70496
70525
70502
70466
70497
70525
70497
70479
70518
70499
70503
70533
70506
70517
70501
70522
70521
70489
70528
70518
70467
70516
70529
70489
70477
70496
70502
70485
70506
70486
70492
70492
70521
70475
70491
70522
70500
70472
70537
70501
70522
70503
70529
70502
70470
70491
70507
70471
70513
70507
70516
70510
70504
70518
70490
70516
70522
70490
70509
70530
70493
70514
70506
70480
70544
70525
70503
70472
70479
70532
70497
70504
70509
70507
70499
70486
70507
70498
70511
70468
70547
70502
70485
70516
70492
70497
70519
70495
70490
70536
70516
70513
70495
70518
70486
70506
70513
70510
70505
70511
70520
70493
70509
70489
70540
70483
70534
70502
70490
70512
70514
70487
70524
70506
70530
70524
70496
70528
70478
70505
70517
70525
70506
70494
70490
70504
70486
70486
70535
70507
70564
70478
70505
70476
70510
70509
70535
70552
70475
70496
70544
70487
70506
70508
70496
70497
70528
70497
70523
70511
70534
70483
70495
70559
70508
70486
70493
70513
70491
70464
70496
70505
70514
70520
70480
70486
70493
70472
70514
70499
70488
70522
70491
70504
70499
70526
70509
70476
70515
70489
70488
70483
70502
70484
70487
70507
70526
70468
70516
70500
70486
70510
70486
70525
70501
70517
70480
70542
