49527
49590
49648
49595
49566
49604
49660
49601
49566
49634
49582
49591
49682
49687
49557
49673
49698
49637
49583
49625
49619
49608
49608
49608
49655
49627
49595
49616
49642
49646
49554
49566
49625
49623
49596
49563
49587
49524
49627
49619
49527
49597
49597
49637
49560
49669
49522
49533
49758
49744
49613
49666
49585
49592
49630
49686
49623
49637
49613
49619
49635
49681
49543
49564
49572
49646
49586
49572
49618
49597
49516
49587
49562
49668
49560
49749
49553
49635
49605
49542
49622
49585
49571
49559
49650
49635
49561
49696
49641
49621
49526
49652
49650
49593
49684
49654
49687
49528
49590
49609
49578
49682
49683
49672
49491
49630
49637
49609
49586
49575
49624
49626
49564
49628
49616
49552
49671
49627
49568
49641
49605
49649
49679
49626
49554
49667
49648
49595
49673
49563
49589
49644
49577
49647
49698
49588
49612
49656
49689
49683
49605
49559
49628
49659
49614
49636
49546
49697
49563
49596
49589
49700
49605
49608
49541
49692
49743
49708
49605
49665
49610
49639
49622
49568
49592
49666
49645
49679
49686
49594
49641
49651
49644
49623
49634
49638
49651
49618
49747
49680
49600
49645
49647
49555
49543
49666
49582
49666
49711
49682
49688
49554
49622
49649
49601
49559
49672
49647
49604
49660
49615
49705
49638
49605
49602
49662
49615
49639
49596
49648
49557
49598
49668
49641
49631
49587
49640
49654
49664
49608
49625
49608
49564
49641
49672
49642
49645
49630
49654
49609
49668
49657
49666
49596
49570
49623
49582
49668
49606
49665
49557
49579
49624
49615
49610
49693
49629
49627
49615
49711
49631
49661
49687
49639
49575
49581
49605
49700
49601
49691
49569
49634
49601
49621
49713
49640
49613
49590
49602
49611
49620
49613
49639
49567
49574
49614
49630
49597
49618
49627
49602
49647
49495
49630
49580
49716
49643
49622
49605
49636
49683
49692
49654
49665
49612
49594
49587
49618
49590
49645
49540
49692
49624
49705
49643
49598
49603
49569
49665
49637
49738
49633
49714
49690
49558
49643
49612
49561
49682
49585
49533
49564
49712
49679
49646
49628
49655
49640
49610
49619
49663
49602
49637
49700
49560
49641
49615
49657
49542
49731
49612
49611
49673
49627
49664
49626
49621
49582
49601
49677
49624
49570
49612
49713
49581
49548
49722
49651
49591
49591
49585
49594
49619
49639
49561
49634
49631
49637
49550
49622
49549
49643
49613
49656
49589
49624
49586
49663
49599
49637
49665
49667
49617
49659
49680
49577
49683
49586
49617
49707
49625
49576
49693
49603
49653
49579
49537
49575
49628
49610
49601
49610
49633
49678
49625
49584
49639
49637
49612
49642
49731
49634
49724
49633
49649
49618
49612
49644
49679
49710
49549
49642
49511
49588
49643
49615
49667
49582
49582
49569
49530
49634
49630
49612
49700
49542
49516
49614
49681
49606
49709
49592
49613
49620
49566
49634
49616
49602
49707
49647
49671
49607
49683
49685
49583
49568
49632
49633
49617
49594
49557
49582
49646
49552
49622
49530
49688
49631
49649
49661
49779
49614
49644
49634
49730
49703
49687
49624
49507
49622
49688
49651
49617
49714
49658
49549
49546
49621
49614
49588
49574
49579
49625
49636
49671
49604
49622
49552
49584
49610
49637
49531
49583
49606
49590
49601
49533
49623
49625
49629
49627
49596
49564
49643
49689
49612
49636
49636
49566
49595
49638
49614
49661
49638
49588
49650
49668
49654
49554
49669
49591
49603
49694
49643
49594
49602
49625
49607
49504
49578
49679
49700
49660
49635
49553
49530
49687
49639
49679
49575
49646
49575
49569
49678
49694
49577
49657
49576
49590
49656
49577
49598
49516
49641
49589
49643
49588
49596
49644
49643
49638
49699
49600
49645
49588
49723
49659
49541
49530
49628
49564
49647
49531
49551
49636
49638
49630
49668
49544
49636
49604
49627
49582
49581
49563
49706
49642
49625
49553
49605
49584
49585
49739
49590
49547
49676
49618
49599
49597
49621
49634
49625
49576
49594
49634
49600
49714
49592
49568
49621
49622
49705
49653
49670
49619
49679
49673
49562
49587
49624
49629
49605
49676
49616
49545
49634
49609
49630
49677
49594
49619
49632
49637
49610
49663
49684
49604
49675
49617
49648
49586
49587
49533
49639
49610
49617
49551
49524
49575
49627
49673
49611
49602
49653
49573
49661
49615
49677
49634
49731
49523
49565
49586
49658
49586
49671
49568
49550
49605
49631
49618
49689
49599
49593
49630
49602
49579
49559
49652
49594
49561
49708
49545
49671
49749
49607
49664
49596
49692
49572
49652
49563
49672
49615
49700
49576
49568
49681
49567
49667
49623
49675
49640
49717
49577
49514
49540
49595
49693
49586
49636
49566
49588
49630
49632
49619
49595
49594
49624
49588
49585
49587
49608
49543
49578
49632
49683
49675
49616
49695
49603
49639
49601
49585
49659
49625
49592
49543
49602
49584
49653
49647
49664
49677
49728
49609
49664
49593
49657
49678
49592
49675
49721
49562
49677
49576
49505
49697
49601
49515
49671
49699
49628
49637
49588
49632
49559
49574
49684
49735
49594
49650
49605
49679
49596
49589
49603
49518
49616
49679
49559
49673
49663
49658
49558
49589
49601
49601
49599
49675
49631
49528
49581
49608
49613
49621
49530
49665
49675
49613
49664
49656
49613
49645
49622
49631
49611
49710
49725
49648
49602
49688
49557
49575
49562
49639
49679
49726
49699
49638
49523
49619
49540
49576
49646
49573
49623
49684
49603
49580
49622
49621
49620
49617
49606
49604
49714
49630
49687
49589
49628
49687
49563
49656
49622
49532
49669
49670
49708
49609
49594
49669
49603
49578
49588
49616
49621
49548
49561
49719
49656
49525
49600
49661
49583
49570
49672
49534
49564
49815
49628
49604
49682
49629
49583
49681
49639
49547
49761
49557
49587
49597
49689
49616
49619
49570
49654
49689
49649
49564
49649
49513
49587
49666
49728
49589
49598
49567
49670
49596
49560
49613
49652
49647
49657
49556
49539
49645
49567
49641
49586
49578
49653
49680
49595
49645
49620
49553
49607
49680
49502
49567
49645
49663
49589
49650
49658
49612
49656
49656
49635
49595
49565
49636
49573
49669
49611
49623
49634
49665
49543
49586
49575
49664
49672
49547
49616
49639
49665
49668
49567
49618
49658
49622
49598
49652
49600
49573
49646
49699
49646
49553
49625
49617
49700
49565
49650
49617
49591
49607
49553
49680
49598
49493
49578
49672
49583
49635
49710
49656
49539
49557
49616
49575
49601
49503
49610
49601
49660
49578
