14478
14486
14482
14486
14476
14494
14477
14485
14488
14482
14474
14489
14484
14483
14487
14486
14490
14475
14476
14491
14478
14480
14484
14481
14480
14490
14478
14482
14469
14490
14478
14483
14481
14479
14476
14475
14478
14481
14478
14485
14479
14471
14475
14480
14478
14479
14483
14479
14482
14480
14476
14491
14480
14479
14482
14491
14484
14476
14478
14471
14478
14492
14473
14484
14479
14481
14482
14486
14477
14473
14490
14471
14483
14476
14474
14486
14486
14477
14484
14485
14485
14483
14491
14481
14486
14479
14478
14487
14476
14484
14489
14488
14478
14486
14478
14472
14493
14486
14475
14484
14485
14489
14476
14487
14480
14488
14478
14481
14487
14487
14473
14478
14483
14480
14483
14479
14491
14492
14487
14488
14480
14477
14477
14485
14485
14483
14491
14479
14482
14480
14479
14482
14486
14471
14476
14480
14483
14489
14484
14474
14482
14481
14477
14485
14480
14477
14485
14485
14490
14474
14480
14486
14472
14485
14483
14484
14482
14485
14477
14493
14483
14489
14482
14484
14484
14479
14472
14483
14477
14487
14485
14475
14491
14481
14483
14476
14475
14476
14479
14477
14480
14486
14485
14482
14483
14474
14489
14482
14474
14492
14486
14485
14478
14480
14472
14481
14480
14488
14482
14479
14486
14489
14487
14480
14483
14478
14485
14481
14477
14479
14479
14484
14494
14479
14478
14483
14471
14486
14480
14487
14481
14479
14482
14481
14473
14475
14489
14486
14477
14474
14484
14478
14472
14479
14477
14479
14481
14503
14476
14476
14485
14485
14482
14476
14488
14476
14489
14480
14485
14488
14473
14479
14476
14485
14485
14488
14483
14477
14486
14480
14478
14482
14473
14468
14488
14478
14479
14481
14478
14483
14479
14485
14486
14481
14482
14478
14477
14488
14476
14501
14481
14470
14470
14484
14484
14493
14483
14471
14478
14487
14487
14479
14488
14488
14484
14483
14480
14465
14481
14482
14483
14481
14483
14477
14480
14482
14491
14488
14484
14488
14474
14483
14481
14483
14489
14478
14482
14476
14492
14480
14480
14481
14478
14478
14478
14477
14478
14481
14478
14486
14492
14478
14479
14484
14475
14488
14477
14487
14482
14482
14472
14480
14471
14483
14482
14488
14472
14488
14483
14477
14487
14481
14485
14483
14476
14493
14487
14483
14483
14479
14483
14478
14476
14468
14476
14488
14490
14476
14474
14484
14476
14487
14481
14480
14483
14483
14484
14482
14480
14481
14486
14471
14491
14482
14480
14490
14482
14489
14479
14478
14481
14482
14484
14479
14484
14472
14479
14487
14489
14473
14480
14478
14486
14478
14477
14486
14476
14488
14488
14487
14475
14483
14485
14485
14477
14492
14476
14472
14473
14487
14485
14490
14472
14481
14476
14486
14477
14478
14473
14483
14474
14481
14481
14482
14490
14480
14476
14483
14485
14481
14473
14472
14477
14476
14468
14476
14482
14486
14478
14475
14487
14478
14476
14474
14482
14477
14481
14479
14487
14473
14474
14475
14483
14485
14479
14484
14484
14479
14479
14480
14474
14487
14485
14488
14479
14474
14481
14481
14485
14476
14489
14484
14476
14488
14494
14487
14474
14479
14495
14481
14485
14476
14476
14468
14484
14482
14466
14486
14479
14484
14489
14481
14486
14479
14488
14475
14474
14477
14488
14476
14485
14476
14474
14482
14485
14483
14495
14485
14483
14482
14478
14488
14479
14481
14477
14479
14489
14483
14482
14479
14493
14488
14487
14482
14487
14485
14489
14491
14470
14483
14490
14484
14479
14468
14476
14481
14489
14479
14484
14477
14475
14469
14486
14472
14477
14488
14479
14480
14483
14477
14478
14485
14479
14475
14481
14491
14485
14499
14481
14474
14482
14481
14480
14478
14486
14486
14484
14488
14473
14487
14483
14480
14479
14467
14488
14485
14480
14469
14478
14474
14480
14480
14481
14479
14482
14480
14488
14486
14486
14483
14486
14477
14481
14481
14480
14485
14487
14485
14477
14484
14474
14483
14468
14480
14486
14481
14489
14484
14479
14484
14479
14479
14469
14475
14490
14487
14480
14477
14483
14480
14478
14481
14481
14488
14494
14483
14483
14485
14484
14480
14481
14480
14491
14480
14483
14471
14486
14481
14487
14481
14485
14480
14489
14475
14481
14480
14471
14477
14493
14478
14490
14474
14469
14493
14480
14482
14484
14471
14482
14477
14473
14482
14476
14497
14491
14488
14480
14477
14479
14478
14480
14482
14489
14479
14485
14476
14486
14476
14486
14472
14478
14489
14492
14479
14479
14485
14495
14479
14491
14485
14485
14485
14480
14495
14487
14474
14485
14481
14477
14482
14485
14473
14488
14485
14471
14484
14483
14480
14491
14476
14479
14485
14482
14484
14475
14481
14477
14481
14483
14483
14477
14481
14478
14481
14486
14483
14478
14487
14481
14475
14479
14481
14482
14479
14475
14483
14479
14482
14481
14489
14499
14478
14476
14481
14482
14484
14482
14471
14487
14473
14487
14484
14478
14480
14490
14490
14489
14487
14490
14473
14478
14489
14482
14474
14481
14484
14474
14488
14480
14485
14479
14490
14482
14479
14477
14473
14478
14482
14480
14483
14481
14481
14490
14484
14471
14477
14490
14477
14489
14479
14481
14477
14477
14491
14476
14474
14486
14492
14481
14482
14484
14482
14484
14475
14489
14479
14488
14483
14484
14478
14481
14484
14477
14489
14485
14480
14473
14488
14479
14487
14487
14481
14471
14477
14481
14491
14484
14479
14478
14479
14483
14481
14471
14480
14472
14486
14492
14472
14482
14489
14479
14481
14484
14487
14483
14481
14480
14481
14492
14485
14487
14491
14476
14476
14482
14480
14486
14482
14489
14483
14477
14484
14481
14475
14488
14478
14481
14473
14482
14495
14476
14483
14482
14482
14486
14488
14477
14489
14472
14479
14482
14489
14490
14479
14468
14484
14482
14477
14490
14481
14484
14478
14480
14489
14481
14485
14478
14487
14480
14489
14473
14478
14479
14486
14465
14479
14477
14485
14473
14477
14492
14477
14487
14483
14481
14491
14480
14483
14486
14483
14485
14473
14498
14481
14470
14485
14490
14487
14488
14487
14478
14478
14480
14474
14482
14479
14477
14478
14477
14482
14491
14481
14479
14481
14477
14484
14481
14485
14489
14490
14479
14479
14478
14483
14474
14486
14479
14484
14476
14481
14478
14475
14491
14476
14480
14489
14492
14476
14479
14490
14472
14475
14479
14483
14476
14481
14479
14488
14483
14483
14480
14482
14492
14494
14480
14478
14484
14481
14477
14476
