201255
201293
201304
201292
201247
201205
201248
201218
201269
201229
201262
201290
201281
201271
201280
201303
201304
201221
201207
201254
201281
201178
201284
201285
201288
201236
201273
201265
201288
201238
201260
201303
201281
201209
201277
201278
201274
201258
201223
201293
201255
201262
201211
201299
201243
201236
201231
201198
201263
201299
201202
201265
201238
201262
201303
201230
201235
201237
201258
201257
201252
201292
201312
201210
201317
201293
201248
201258
201230
201243
201288
201309
201311
201290
201200
201298
201265
201272
201264
201250
201275
201294
201304
201252
201254
201269
201300
201243
201323
201259
201214
201243
201230
201300
201301
201272
201283
201283
201267
201287
201240
201281
201218
201216
201272
201234
201252
201221
201251
201206
201312
201267
201246
201279
201228
201277
201258
201269
201232
201277
201227
201185
201243
201230
201252
201228
201261
201256
201238
201236
201285
201247
201244
201194
201230
201248
201248
201222
201230
201259
201255
201273
201232
201316
201241
201254
201218
201209
201298
201245
201260
201230
201220
201264
201225
201233
201239
201226
201267
201219
201244
201241
201264
201251
201314
201285
201262
201313
201296
201250
201294
201275
201295
201246
201195
201273
201258
201257
201251
201265
201223
201287
201276
201267
201280
201280
201281
201265
201248
201279
201247
201272
201295
201229
201254
201195
201310
201247
201310
201283
201264
201269
201250
201294
201262
201287
201247
201268
201208
201253
201291
201251
201293
201248
201294
201236
201242
201245
201232
201303
201274
201256
201259
201293
201193
201310
201259
201260
201291
201306
201339
201263
201214
201281
201235
201248
201250
201274
201290
201235
201261
201298
201256
201239
201259
201229
201267
201273
201317
201233
201295
201263
201217
201259
201276
201259
201270
201278
201232
201237
201253
201177
201283
201280
201244
201295
201298
201230
201224
201249
201219
201247
201266
201234
201278
201278
201312
201304
201282
201288
201233
201229
201298
201276
201237
201277
201279
201247
201219
201284
201278
201219
201305
201272
201244
201206
201235
201254
201275
201266
201276
201223
201315
201279
201225
201243
201309
201282
201231
201203
201233
201320
201250
201263
201275
201313
201264
201248
201240
201270
201246
201266
201276
201256
201259
201210
201222
201323
201250
201324
201269
201264
201278
201240
201277
201289
201248
201226
201253
201208
201236
201261
201279
201218
201278
201252
201263
201252
201270
201345
201259
201256
201251
201249
201181
201296
201273
201277
201249
201271
201297
201224
201290
201262
201296
201323
201247
201240
201266
201279
201248
201304
201267
201284
201187
201243
201247
201269
201275
201256
201312
201261
201241
201279
201237
201260
201248
201303
201252
201267
201281
201299
201227
201226
201239
201262
201298
201272
201239
201284
201261
201236
201197
201279
201248
201243
201231
201257
201223
201275
201238
201256
201258
201242
201256
201267
201226
201231
201239
201292
201235
201227
201248
201263
201245
201249
201221
201242
201293
201312
201254
201265
201230
201282
201306
201236
201288
201178
201255
201299
201232
201267
201197
201275
201263
201245
201232
201315
201229
201256
201309
201245
201252
201282
201253
201270
201276
201284
201309
201270
201248
201241
201198
201270
201244
201224
201254
201273
201249
201239
201235
201286
201264
201251
201259
201298
201192
201253
201255
201269
201238
201257
201290
201259
201246
201279
201283
201231
201278
201281
201295
201239
201254
201237
201250
201198
201301
201219
201244
201304
201278
201242
201245
201210
201256
201225
201245
201241
201252
201296
201272
201216
201287
201233
201312
201246
201277
201271
201282
201290
201261
201289
201232
201252
201220
201265
201272
201277
201278
201266
201235
201237
201317
201302
201314
201228
201275
201305
201237
201246
201277
201306
201222
201261
201261
201239
201254
201226
201222
201265
201283
201269
201287
201278
201283
201261
201246
201261
201319
201284
201221
201215
201248
201287
201278
201214
201268
201195
201284
201217
201311
201231
201262
201283
201243
201254
201232
201271
201248
201292
201260
201266
201278
201232
201247
201270
201271
201283
201214
201201
201260
201309
201289
201297
201274
201323
201267
201235
201284
201247
201272
201251
201290
201248
201262
201231
201257
201286
201264
201261
201256
201287
201245
201264
201291
201230
201289
201188
201289
201294
201309
201242
201275
201252
201248
201207
201281
201227
201325
201234
201211
201258
201247
201261
201223
201266
201201
201259
201294
201276
201236
201294
201223
201264
201273
201292
201291
201268
201264
201234
201268
201260
201237
201216
201252
201240
201248
201269
201271
201224
201263
201297
201256
201309
201267
201274
201265
201264
201275
201255
201263
201234
201261
201284
201282
201233
201267
201272
201246
201265
201267
201265
201237
201293
201287
201295
201212
201237
201263
201245
201266
201199
201240
201194
201274
201271
201243
201293
201264
201273
201235
201243
201233
201284
201294
201238
201291
201260
201313
201292
201287
201292
201270
201229
201211
201195
201287
201290
201267
201208
201274
201175
201262
201186
201268
201272
201242
201243
201279
201192
201299
201271
201289
201239
201256
201259
201269
201189
201227
201285
201208
201240
201263
201332
201274
201266
201293
201286
201222
201243
201212
201232
201246
201263
201267
201277
201254
201268
201234
201278
201259
201275
201289
201275
201287
201279
201285
201311
201326
201297
201286
201282
201257
201268
201248
201280
201258
201253
201267
201260
201261
201281
201270
201229
201274
201238
201253
201256
201256
201223
201302
201284
201272
201315
201243
201246
201272
201244
201318
201309
201273
201212
201221
201256
201243
201322
201294
201244
201225
201219
201245
201248
201220
201248
201224
201300
201277
201309
201233
201230
201253
201237
201251
201230
201276
201293
201238
201269
201224
201223
201227
201271
201234
201239
201263
201211
201181
201276
201285
201296
201283
201285
201218
201253
201291
201216
201275
201300
201275
201281
201240
201187
201258
201217
201251
201231
201315
201246
201305
201235
201286
201224
201210
201258
201204
201239
201276
201329
201289
201205
201216
201296
201193
201285
201307
201209
201243
201275
201307
201206
201226
201274
201216
201245
201236
201285
201283
201264
201214
201326
201260
201262
201277
201222
201293
201272
201282
201257
201264
201292
201240
201280
201275
201262
201291
201268
201307
201270
201260
201232
201252
201228
201258
201206
201243
201209
201217
201242
201269
201262
201282
201224
201265
201267
201325
201227
201304
201265
201274
201246
201248
201212
201284
201279
201284
201203
201231
201204
201275
201253
201319
201235
201257
201287
201276
201231
201277
201284
201264
201293
201276
201264
201301
201246
201311
201269
201205
201233
201239
201241
201268
201215
201278
201249
201251
201311
201256
201251
201253
201249
201270
201281
201213
201283
201191
201230
201278
201239
201235
201276
201284
201232
201260
201265
201258
201264
201249
201265
201245
201265
201280
201235
201264
201235
201236
201289
201279
201264
201307
201231
