21242
21222
21271
21233
21259
21249
21254
21266
21253
21250
21249
21234
21239
21253
21258
21254
21241
21257
21248
21272
21267
21263
21261
21238
21262
21257
21275
21238
21252
21241
21259
21267
21241
21260
21251
21242
21246
21251
21259
21284
21258
21255
21256
21236
21280
21267
21274
21237
21280
21243
21267
21261
21279
21237
21277
21271
21267
21273
21231
21257
21224
21241
21276
21303
21256
21242
21261
21277
21256
21259
21249
21249
21225
21243
21251
21255
21229
21254
21275
21251
21245
21255
21271
21265
21255
21236
21267
21263
21251
21278
21280
21242
21243
21272
21245
21234
21246
21232
21239
21240
21248
21268
21265
21221
21255
21250
21268
21255
21238
21262
21256
21274
21250
21281
21242
21262
21252
21289
21284
21254
21236
21242
21270
21244
21271
21259
21241
21251
21263
21270
21248
21283
21256
21257
21288
21248
21241
21249
21248
21241
21245
21252
21254
21237
21245
21250
21270
21251
21272
21251
21241
21265
21263
21248
21238
21275
21265
21300
21257
21231
21237
21270
21257
21239
21270
21236
21250
21253
21240
21247
21239
21249
21251
21241
21261
21235
21225
21234
21264
21215
21249
21230
21256
21295
21238
21274
21260
21268
21270
21261
21267
21239
21275
21239
21225
21253
21287
21277
21274
21253
21231
21254
21254
21236
21254
21239
21227
21248
21240
21270
21263
21250
21263
21261
21288
21274
21242
21240
21236
21255
21269
21222
21268
21262
21273
21277
21238
21248
21257
21256
21237
21230
21254
21220
21255
21270
21276
21285
21258
21258
21264
21255
21283
21267
21267
21245
21238
21262
21256
21244
21231
21248
21254
21238
21249
21241
21249
21247
21246
21279
21249
21233
21237
21249
21258
21249
21277
21228
21262
21255
21226
21251
21279
21249
21305
21287
21242
21258
21250
21254
21225
21245
21256
21268
21244
21264
21228
21250
21245
21243
21264
21249
21281
21252
21247
21238
21276
21224
21258
21264
21209
21253
21239
21231
21251
21243
21274
21223
21260
21231
21251
21231
21249
21246
21250
21263
21250
21223
21242
21224
21256
21280
21266
21243
21230
21262
21244
21248
21241
21276
21250
21288
21274
21230
21250
21266
21264
21254
21237
21230
21269
21237
21250
21261
21242
21248
21257
21267
21212
21239
21260
21223
21254
21275
21254
21239
21225
21263
21225
21250
21273
21256
21239
21269
21247
21243
21267
21290
21281
21224
21257
21226
21271
21247
21259
21270
21238
21254
21260
21263
21246
21259
21236
21224
21225
21260
21268
21258
21289
21262
21216
21255
21248
21243
21249
21251
21254
21257
21270
21241
21269
21253
21268
21267
21271
21243
21240
21263
21235
21244
21230
21273
21243
21249
21271
21241
21267
21281
21265
21257
21245
21248
21221
21249
21262
21244
21250
21282
21245
21245
21286
21277
21245
21261
21253
21250
21231
21278
21232
21224
21264
21245
21245
21233
21241
21285
21235
21263
21244
21238
21240
21266
21256
21248
21244
21273
21274
21246
21243
21254
21268
21232
21218
21269
21220
21246
21270
21256
21250
21229
21238
21247
21252
21269
21252
21226
21262
21219
21246
21265
21270
21258
21228
21234
21277
21251
21223
21253
21237
21259
21240
21270
21247
21246
21276
21246
21269
21216
21271
21263
21262
21255
21235
21255
21236
21231
21238
21273
21237
21226
21276
21259
21268
21236
21319
21243
21260
21253
21241
21233
21244
21237
21259
21254
21295
21223
21257
21232
21254
21263
21264
21272
21267
21227
21266
21249
21240
21251
21248
21260
21266
21240
21253
21268
21283
21247
21237
21231
21267
21243
21261
21249
21233
21256
21266
21263
21247
21258
21232
21256
21223
21242
21262
21235
21247
21291
21256
21258
21236
21244
21266
21265
21249
21281
21268
21255
21246
21239
21253
21232
21242
21279
21234
21267
21286
21215
21257
21255
21260
21261
21247
21241
21266
21276
21251
21255
21249
21246
21249
21225
21236
21248
21268
21269
21273
21250
21277
21228
21271
21249
21231
21261
21246
21271
21253
21254
21269
21240
21245
21240
21242
21244
21243
21262
21271
21242
21250
21242
21253
21276
21246
21270
21254
21266
21257
21265
21225
21219
21258
21251
21274
21261
21247
21255
21245
21254
21270
21253
21250
21216
21237
21237
21249
21237
21247
21259
21270
21266
21264
21268
21281
21231
21260
21234
21251
21245
21242
21236
21269
21253
21290
21273
21244
21267
21241
21239
21267
21250
21274
21249
21249
21251
21260
21261
21245
21224
21273
21281
21269
21260
21233
21263
21284
21264
21249
21240
21242
21238
21265
21256
21230
21287
21250
21251
21250
21236
21276
21247
21243
21276
21218
21261
21277
21254
21250
21205
21239
21236
21233
21243
21257
21232
21214
21239
21277
21243
21242
21281
21280
21251
21245
21269
21253
21223
21229
21247
21229
21259
21252
21235
21246
21270
21249
21234
21273
21234
21247
21222
21259
21218
21228
21245
21251
21255
21242
21262
21267
21261
21269
21218
21233
21283
21234
21213
21228
21269
21258
21274
21241
21238
21237
21240
21244
21245
21264
21251
21268
21244
21257
21249
21245
21278
21237
21226
21253
21232
21252
21249
21249
21253
21257
21286
21254
21231
21229
21241
21227
21221
21245
21240
21264
21219
21235
21266
21254
21259
21277
21216
21255
21269
21259
21231
21263
21226
21231
21257
21250
21255
21250
21245
21239
21267
21220
21254
21258
21243
21254
21256
21236
21276
21259
21259
21268
21262
21261
21257
21222
21244
21239
21244
21233
21220
21258
21234
21266
21271
21249
21257
21228
21261
21276
21248
21235
21277
21256
21265
21236
21270
21282
21257
21243
21237
21233
21235
21256
21245
21246
21260
21220
21243
21246
21252
21232
21266
21244
21269
21261
21223
21226
21271
21261
21278
21261
21261
21253
21279
21233
21226
21248
21234
21236
21258
21244
21253
21275
21256
21260
21235
21257
21255
21246
21218
21261
21251
21251
21240
21271
21275
21250
21232
21270
21232
21236
21244
21230
21262
21256
21254
21253
21280
21252
21277
21221
21270
21243
21233
21261
21275
21258
21261
21260
21251
21250
21264
21224
21231
21260
21282
21233
21270
21234
21254
21259
21248
21261
21278
21229
21264
21270
21272
21274
21245
21240
21223
21239
21233
21237
21253
21288
21253
21255
21258
21273
21254
21233
21242
21248
21255
21275
21227
21268
21249
21281
21257
21243
21231
21261
21266
21256
21237
21250
21260
21251
21244
21267
21247
21281
21259
21228
21233
21248
21223
21273
21228
21243
21237
21241
21253
21246
21272
