24359
24406
24443
24405
24414
24445
24504
24401
24400
24452
24386
24399
24481
24489
24390
24474
24503
24484
24431
24405
24399
24454
24379
24477
24455
24449
24425
24426
24456
24429
24356
24411
24473
24484
24455
24403
24411
24363
24438
24456
24385
24393
24434
24453
24402
24404
24376
24341
24511
24533
24428
24500
24463
24418
24415
24482
24430
24484
24425
24401
24425
24516
24397
24420
24385
24469
24385
24410
24443
24433
24375
24391
24362
24472
24354
24519
24373
24471
24403
24374
24451
24439
24398
24356
24483
24445
24405
24477
24443
24456
24349
24472
24419
24413
24455
24479
24505
24385
24402
24422
24397
24473
24466
24501
24361
24448
24476
24469
24364
24414
24450
24459
24427
24398
24431
24391
24465
24449
24411
24473
24437
24450
24446
24420
24324
24478
24477
24484
24450
24404
24391
24464
24412
24448
24502
24404
24419
24458
24482
24496
24402
24369
24469
24445
24414
24405
24409
24522
24430
24425
24427
24491
24432
24406
24419
24495
24511
24465
24401
24465
24484
24428
24424
24415
24398
24468
24401
24478
24488
24397
24448
24464
24424
24424
24452
24438
24421
24450
24541
24457
24430
24428
24486
24419
24406
24482
24400
24504
24521
24489
24501
24375
24395
24482
24438
24403
24495
24489
24447
24459
24416
24471
24445
24407
24432
24470
24445
24398
24442
24439
24398
24424
24487
24432
24473
24408
24423
24490
24467
24420
24421
24429
24364
24440
24473
24443
24489
24389
24466
24458
24487
24471
24474
24400
24424
24469
24434
24457
24430
24463
24399
24398
24376
24441
24402
24521
24462
24469
24422
24479
24445
24466
24474
24455
24415
24393
24423
24489
24419
24441
24415
24438
24436
24411
24516
24429
24438
24362
24451
24464
24412
24416
24458
24435
24413
24403
24461
24489
24429
24443
24425
24504
24368
24443
24405
24501
24444
24458
24424
24438
24456
24465
24451
24461
24480
24426
24405
24442
24407
24475
24374
24501
24440
24527
24450
24435
24442
24369
24460
24469
24489
24447
24479
24494
24415
24499
24412
24410
24500
24397
24371
24417
24485
24490
24445
24441
24465
24497
24425
24453
24441
24392
24481
24484
24386
24470
24440
24436
24383
24491
24463
24442
24465
24395
24442
24425
24507
24394
24414
24472
24431
24382
24446
24509
24394
24420
24523
24439
24376
24402
24415
24421
24468
24427
24370
24440
24457
24518
24397
24467
24350
24477
24394
24455
24409
24467
24395
24496
24401
24444
24507
24477
24462
24505
24469
24365
24440
24434
24451
24513
24405
24406
24499
24449
24432
24411
24378
24427
24454
24387
24453
24436
24429
24498
24422
24436
24383
24448
24447
24462
24564
24450
24480
24438
24439
24429
24478
24474
24452
24506
24408
24469
24366
24432
24479
24408
24502
24427
24420
24424
24388
24447
24453
24445
24537
24398
24384
24464
24482
24447
24552
24401
24422
24395
24381
24449
24439
24471
24546
24473
24500
24436
24540
24466
24382
24371
24447
24455
24464
24393
24420
24413
24503
24371
24431
24399
24486
24453
24453
24489
24556
24414
24454
24432
24546
24500
24513
24410
24366
24459
24461
24452
24421
24487
24496
24384
24388
24461
24434
24421
24410
24366
24450
24462
24478
24433
24431
24431
24393
24396
24469
24343
24398
24406
24443
24389
24361
24402
24446
24465
24454
24438
24407
24462
24500
24461
24463
24475
24417
24431
24445
24405
24487
24444
24374
24449
24466
24455
24397
24502
24433
24447
24517
24457
24469
24429
24445
24434
24338
24422
24474
24487
24477
24470
24410
24354
24475
24458
24493
24415
24471
24400
24433
24455
24521
24392
24468
24379
24444
24468
24379
24419
24389
24445
24416
24481
24435
24411
24494
24470
24488
24529
24398
24468
24406
24519
24480
24390
24371
24424
24413
24485
24342
24405
24447
24445
24459
24505
24402
24440
24442
24405
24441
24384
24384
24469
24474
24444
24373
24440
24390
24384
24577
24390
24393
24439
24475
24382
24440
24420
24424
24426
24378
24397
24423
24445
24520
24412
24375
24419
24408
24452
24484
24463
24446
24498
24491
24407
24385
24486
24448
24417
24486
24439
24401
24429
24444
24452
24511
24382
24473
24448
24421
24397
24479
24454
24411
24510
24413
24476
24411
24429
24420
24472
24467
24438
24367
24413
24396
24424
24434
24413
24442
24461
24427
24492
24447
24425
24474
24492
24380
24415
24423
24487
24420
24433
24409
24405
24396
24480
24428
24488
24423
24426
24463
24451
24412
24343
24480
24409
24417
24501
24417
24509
24574
24464
24472
24421
24488
24402
24448
24352
24487
24440
24456
24421
24405
24481
24354
24498
24465
24513
24415
24516
24424
24365
24410
24414
24484
24414
24462
24397
24432
24436
24430
24440
24421
24373
24458
24421
24420
24420
24408
24389
24431
24472
24470
24468
24421
24456
24405
24475
24435
24419
24487
24450
24438
24352
24421
24464
24441
24441
24462
24483
24537
24401
24473
24370
24465
24476
24443
24480
24521
24400
24476
24384
24358
24493
24454
24355
24453
24441
24414
24464
24424
24397
24403
24385
24483
24553
24420
24439
24419
24483
24431
24419
24419
24350
24462
24467
24414
24455
24473
24470
24445
24438
24402
24415
24440
24506
24444
24378
24364
24466
24457
24453
24417
24474
24499
24412
24456
24495
24428
24456
24470
24454
24389
24505
24498
24442
24447
24486
24427
24370
24373
24438
24469
24507
24495
24427
24390
24407
24399
24389
24454
24384
24452
24504
24426
24395
24430
24471
24422
24435
24448
24427
24466
24449
24437
24399
24430
24577
24373
24437
24465
24358
24471
24452
24482
24459
24411
24455
24452
24451
24433
24455
24463
24368
24374
24518
24488
24381
24416
24468
24432
24383
24479
24352
24441
24577
24470
24407
24515
24414
24389
24439
24457
24362
24533
24397
24396
24432
24463
24428
24457
24408
24473
24481
24442
24371
24543
24356
24417
24472
24555
24401
24411
24389
24519
24417
24433
24452
24455
24447
24473
24373
24387
24434
24379
24434
24449
24404
24483
24418
24413
24485
24451
24352
24430
24512
24350
24370
24452
24469
24382
24457
24509
24426
24475
24501
24454
24466
24386
24463
24431
24473
24454
24442
24487
24506
24389
24374
24438
24446
24479
24403
24413
24409
24429
24486
24427
24432
24511
24439
24415
24432
24389
24419
24462
24516
24454
24370
24430
24463
24558
24373
24458
24411
24439
24402
24353
24494
24415
24351
24396
24498
24418
24461
24470
24513
24384
24407
24445
24419
24416
24378
24429
24428
24415
24480
