5966
6011
5989
5991
5983
5999
5999
5981
5999
6019
5981
5997
5986
5994
6004
5994
6009
6010
5998
5987
5988
6012
5971
5996
5986
5991
5994
6008
6018
5979
5992
5959
5973
5971
5995
6002
6006
5998
6001
5971
6007
5982
6002
5979
6017
6005
5976
5972
5994
5966
6000
6000
5984
5995
5984
5971
5990
5982
5997
5984
6003
6022
5980
5997
5992
5979
5981
5978
5987
6003
5989
5978
6014
6010
5978
5992
6008
6006
5974
5993
5991
6004
5982
6023
5996
6010
6008
5980
5999
6000
5998
5954
5963
5998
5973
5975
6008
5989
5999
5989
5996
5986
5995
6012
6000
6001
5994
5997
5970
5993
5992
6010
5985
5984
5988
6008
5964
6003
6002
6028
5980
6018
5986
5980
6008
6001
5972
6015
5996
6006
5999
5989
5964
6008
5987
5987
5971
5991
5979
5993
6010
6004
5976
5968
5982
5998
5975
5995
5972
5960
5991
6022
5981
6009
5960
5965
5996
5990
6010
5997
6012
5996
6005
5982
5990
6005
6026
6006
5987
5983
6002
5993
6000
5996
5995
5981
5992
5991
5986
5980
5988
5979
5994
5979
6002
6004
5985
5979
5999
6013
5976
5990
5992
5984
5985
5994
5985
6003
5999
6006
6003
5998
5996
5978
5999
5993
5998
6006
5983
6006
5989
6019
5966
5996
5992
6005
6002
6010
6011
5972
6006
5981
5997
6012
5975
5987
6000
5996
5986
5998
5966
5989
6004
5996
5991
5989
5994
5980
5998
5986
5996
5987
5978
6003
5992
6014
5991
5995
5974
5995
6007
5995
5986
6002
5988
6002
5987
5981
6003
5997
6007
5988
5983
5983
5997
6005
5992
5989
5997
5995
6024
5987
5981
5992
6010
5983
6015
5987
5992
5986
5996
5998
5981
5982
5988
6010
5997
6012
5987
5998
6023
5998
5983
5973
5965
6023
5995
5975
6003
5988
6008
5981
5991
5988
5986
5986
6008
5983
5969
5972
6005
5987
6000
5971
5981
5996
6001
5999
5989
6001
5994
6010
5995
5982
5979
5983
5967
5996
5995
5990
5984
5999
5999
5994
6007
5974
6013
6010
5983
6003
5989
5977
6012
6001
6002
5990
5989
5990
5996
5990
6001
6003
5993
5992
5989
5969
5992
5990
6007
5977
6001
5996
5982
5986
5999
5988
5980
5990
5988
5998
5976
5972
5992
5996
5993
6001
5964
5986
5982
5986
5985
6010
6007
5980
6015
5988
6012
6000
6005
5999
6002
6014
5981
5996
5984
5989
5997
6003
6004
5983
6001
5990
5997
5982
5986
5982
5999
6011
5971
5985
5972
5982
5995
5993
5980
5998
5986
5995
6010
6006
5993
5992
5987
5988
5992
5991
6018
5978
6000
5993
5992
5997
5980
5986
6019
5995
5990
5993
6023
6003
5992
5987
5968
5985
6000
5994
5999
5988
5998
5987
5984
5984
6001
5994
5995
6004
5976
5989
6020
5987
6020
6016
5997
6002
5990
5994
5994
6020
5988
5984
6002
6012
6006
6004
5986
6000
6012
5981
6004
5990
5983
5996
5999
5973
6002
6002
5996
5991
5996
5991
5977
5966
5991
5985
6009
5993
5982
5998
5992
5992
6010
5996
5988
5978
6003
5985
5991
5985
5999
5968
5984
6005
5996
5998
5999
5982
5992
5983
5978
5987
5999
5983
6002
5973
6004
5990
5985
6004
5997
6016
5994
5999
5974
5989
6002
6003
5981
5998
5998
5986
5993
5977
5996
5984
5982
5967
5999
6000
6004
5995
5987
5969
5982
5998
5977
5956
5998
5989
6008
5981
5991
5995
5991
6007
5991
6004
5996
5978
5997
6007
5980
6009
5987
5980
5986
5981
5987
6011
6013
5991
6003
5997
5980
6019
5985
5995
6017
5982
5988
5992
5994
6004
5995
6015
5996
5973
5980
5995
5981
5974
5997
5995
5997
6002
6002
5994
6002
5996
5985
5999
6017
5995
6001
5980
6008
5994
5989
5980
5999
6009
5957
6015
5967
5983
5982
5998
5994
5954
5997
5987
5990
6015
5973
5986
5990
5976
5985
5999
6019
5981
6006
6006
5979
5964
5975
5981
6001
6010
5988
6005
5983
5987
5990
5996
5991
5997
6010
5971
6000
5994
6005
5989
6018
6000
6002
6003
5986
5993
6001
6001
5974
5976
5990
5972
6010
5999
5995
5994
5990
5981
5970
5999
5996
6000
5973
6002
6007
5989
6000
5993
5988
5983
5997
5979
6007
5993
6000
5981
5983
5991
5995
6010
5995
5997
5997
5987
6003
5996
5991
5975
5993
5996
5987
5979
6005
5982
6017
6010
5988
5990
5979
5983
6004
5999
5986
5999
5994
5994
5996
5991
6017
5992
5997
6011
6015
5980
6003
6025
5974
5965
6001
5989
5989
5989
5975
5994
6014
5988
6001
6005
6015
5989
5989
6000
6011
6010
6001
6013
6010
6006
5980
6000
5981
5989
5990
5994
5989
6011
5996
6001
6014
5985
5999
5987
5997
5971
5965
5999
6001
5985
6001
6004
5999
6003
5987
5979
6008
5987
5978
5960
5992
5978
5977
5978
5990
6003
6018
6007
5997
5998
5982
5986
5998
5983
6000
6009
5975
6006
6015
5995
6008
6003
5976
5981
5981
5994
5984
6008
5997
5980
5972
5984
5992
5965
5980
5986
5956
5992
5986
6019
5988
5966
5980
5992
6007
5994
6002
5986
5984
5967
5994
5992
6006
5982
6005
6011
5993
5984
6007
6002
5992
5994
5990
6012
5982
6006
5975
5966
5993
6000
5998
6007
5992
6003
6004
5997
5992
6001
5979
6000
6010
5988
5982
6001
6005
6022
5977
5989
6002
5984
5983
5989
5997
5972
5972
6009
6014
5982
5991
6017
5997
5980
6001
5989
5996
6002
5982
5996
6006
5990
5991
5991
5992
5990
5992
5975
5993
5995
5983
6003
6001
5992
6004
5988
5989
6022
5976
6002
5973
5980
5987
5979
6010
5983
5996
5998
6006
5994
5980
6007
5975
5971
5979
6007
5988
6000
5999
5977
5990
6012
5996
5985
5991
6019
5997
6002
6004
6016
6011
5980
5998
6002
6004
6022
5987
6000
5988
6004
5996
6001
6003
6013
5980
6004
5996
5988
5990
6015
5999
6002
5987
5977
5999
5996
6017
5991
5999
5987
5987
5985
5986
5979
6005
5987
6001
5995
5998
6012
5959
5999
6017
5980
5988
5981
6014
5988
5998
6001
5983
5995
