3206
3234
3192
3199
3199
3208
3213
3194
3213
3208
3201
3237
3201
3214
3209
3216
3219
3209
3214
3222
3220
3216
3191
3208
3198
3212
3202
3213
3215
3209
3205
3197
3195
3202
3197
3219
3205
3215
3210
3210
3207
3210
3207
3206
3222
3210
3207
3208
3227
3203
3202
3195
3217
3203
3214
3208
3196
3215
3206
3185
3215
3220
3210
3219
3206
3192
3213
3211
3202
3217
3206
3203
3229
3223
3202
3199
3204
3221
3214
3205
3192
3215
3215
3210
3203
3204
3219
3227
3203
3208
3202
3211
3209
3204
3213
3192
3211
3205
3207
3189
3213
3210
3202
3218
3204
3217
3221
3221
3198
3206
3207
3223
3210
3209
3199
3220
3207
3216
3209
3215
3205
3206
3217
3218
3217
3208
3192
3220
3210
3209
3197
3202
3206
3194
3205
3214
3204
3205
3196
3222
3207
3203
3211
3208
3203
3202
3211
3215
3202
3197
3214
3213
3219
3208
3208
3194
3221
3209
3196
3200
3197
3221
3207
3201
3212
3235
3224
3200
3205
3205
3213
3202
3208
3218
3193
3205
3221
3216
3209
3209
3207
3186
3219
3204
3201
3200
3198
3212
3200
3213
3210
3201
3214
3201
3210
3221
3199
3209
3209
3205
3206
3209
3199
3206
3211
3231
3224
3214
3223
3209
3220
3200
3205
3187
3209
3215
3211
3209
3213
3191
3208
3208
3210
3207
3196
3205
3200
3214
3217
3209
3215
3202
3209
3200
3214
3214
3212
3217
3193
3200
3217
3201
3213
3214
3209
3217
3211
3208
3214
3207
3201
3217
3214
3220
3216
3227
3200
3219
3229
3221
3226
3212
3198
3208
3228
3208
3207
3220
3211
3215
3218
3209
3198
3196
3207
3212
3223
3200
3199
3208
3212
3210
3181
3197
3199
3202
3228
3207
3193
3222
3201
3216
3207
3209
3202
3236
3222
3208
3225
3212
3217
3192
3230
3215
3215
3202
3214
3208
3192
3202
3239
3208
3214
3208
3212
3211
3222
3208
3209
3219
3216
3217
3199
3208
3213
3207
3195
3193
3200
3211
3224
3210
3194
3203
3208
3198
3207
3214
3211
3216
3204
3202
3217
3210
3219
3210
3208
3212
3208
3201
3218
3212
3201
3229
3208
3214
3212
3198
3219
3208
3201
3207
3187
3210
3216
3202
3214
3208
3219
3211
3195
3209
3209
3210
3221
3209
3195
3203
3209
3214
3213
3233
3210
3227
3218
3204
3203
3219
3215
3211
3209
3217
3209
3218
3218
3209
3203
3202
3211
3195
3208
3211
3206
3213
3199
3195
3204
3210
3196
3200
3197
3220
3206
3209
3216
3199
3220
3222
3212
3202
3226
3211
3195
3213
3200
3209
3238
3202
3197
3196
3204
3211
3196
3197
3226
3233
3214
3197
3228
3201
3215
3207
3217
3207
3217
3218
3218
3200
3219
3213
3206
3208
3204
3216
3218
3216
3206
3208
3215
3195
3224
3216
3208
3208
3210
3206
3217
3227
3211
3189
3216
3210
3203
3209
3196
3225
3224
3204
3227
3208
3202
3208
3209
3193
3213
3217
3219
3205
3211
3201
3200
3204
3214
3204
3213
3212
3202
3213
3202
3192
3212
3203
3210
3188
3209
3213
3215
3188
3206
3207
3206
3230
3199
3216
3224
3219
3187
3193
3215
3209
3205
3201
3205
3210
3210
3199
3203
3221
3215
3200
3215
3222
3201
3212
3207
3210
3189
3204
3219
3192
3219
3202
3206
3194
3197
3212
3217
3221
3213
3219
3208
3199
3226
3219
3206
3194
3221
3214
3198
3220
3212
3206
3221
3214
3206
3201
3212
3198
3202
3213
3202
3219
3212
3192
3214
3188
3227
3202
3204
3213
3195
3195
3202
3218
3221
3204
3218
3216
3196
3211
3214
3227
3209
3221
3198
3202
3197
3226
3203
3214
3219
3200
3207
3231
3205
3221
3193
3202
3198
3211
3210
3208
3227
3208
3214
3203
3215
3214
3209
3198
3204
3210
3200
3198
3194
3209
3209
3202
3227
3194
3205
3210
3210
3211
3204
3206
3216
3200
3201
3203
3213
3207
3208
3196
3217
3212
3205
3220
3217
3208
3207
3200
3204
3213
3192
3218
3208
3202
3214
3205
3215
3195
3212
3218
3207
3201
3232
3196
3208
3219
3197
3210
3203
3202
3220
3208
3220
3210
3198
3208
3200
3213
3214
3216
3211
3205
3209
3215
3216
3218
3206
3216
3198
3217
3213
3215
3215
3201
3209
3207
3225
3218
3205
3203
3220
3204
3207
3221
3211
3209
3194
3227
3201
3196
3192
3208
3217
3214
3224
3224
3201
3193
3219
3198
3225
3201
3217
3199
3204
3216
3215
3215
3204
3219
3205
3201
3201
3210
3199
3211
3210
3231
3197
3200
3215
3209
3214
3194
3206
3188
3222
3207
3198
3211
3218
3201
3221
3210
3213
3212
3204
3227
3219
3191
3230
3215
3201
3224
3210
3209
3200
3211
3207
3199
3210
3211
3200
3212
3203
3213
3215
3209
3210
3222
3203
3219
3224
3200
3216
3191
3227
3201
3198
3204
3205
3215
3207
3211
3198
3200
3203
3211
3215
3214
3218
3206
3211
3205
3219
3208
3211
3218
3192
3205
3199
3207
3210
3217
3214
3203
3190
3209
3216
3200
3205
3211
3204
3212
3212
3230
3208
3199
3195
3205
3218
3207
3226
3220
3198
3201
3223
3209
3229
3218
3216
3211
3211
3204
3212
3215
3209
3214
3218
3211
3222
3216
3210
3201
3207
3221
3213
3227
3203
3202
3203
3209
3213
3219
3190
3206
3219
3209
3200
3207
3224
3211
3194
3195
3221
3214
3203
3202
3220
3200
3190
3220
3214
3201
3221
3205
3208
3197
3213
3206
3203
3227
3212
3201
3205
3220
3205
3200
3208
3204
3208
3215
3201
3216
3200
3207
3216
3199
3224
3216
3206
3212
3189
3200
3194
3214
3222
3195
3202
3196
3207
3228
3236
3220
3212
3208
3210
3210
3209
3224
3209
3208
3209
3208
3208
3225
3216
3224
3200
3217
3198
3202
3210
3206
3214
3210
3199
3205
3208
3224
3207
3215
3217
3232
3207
3204
3206
3212
3204
3226
3202
3212
3218
3225
3211
3210
3224
3208
3206
3209
3231
3194
3211
3211
3203
3208
3212
3211
3214
3215
3224
3223
3206
3201
3202
3210
3211
3204
3210
3219
3215
3210
3225
3232
3200
3205
