10945
10960
10957
10959
10948
10949
10945
10944
10950
10947
10949
10944
10950
10951
10951
10943
10944
10950
10954
10948
10951
10949
10944
10948
10954
10947
10952
10947
10944
10948
10946
10948
10952
10943
10952
10957
10951
10948
10944
10952
10949
10951
10952
10944
10948
10947
10940
10948
10952
10953
10948
10955
10949
10946
10943
10943
10947
10946
10956
10945
10947
10948
10954
10947
10940
10939
10950
10948
10947
10953
10945
10948
10952
10953
10946
10938
10951
10951
10950
10942
10948
10948
10943
10944
10948
10948
10948
10950
10945
10945
10948
10952
10955
10943
10948
10951
10948
10943
10945
10960
10949
10950
10947
10949
10940
10947
10952
10940
10949
10943
10948
10951
10950
10946
10956
10949
10953
10948
10952
10949
10945
10953
10942
10944
10947
10947
10948
10953
10947
10954
10948
10942
10944
10946
10948
10951
10943
10946
10949
10946
10940
10952
10954
10959
10950
10952
10944
10945
10947
10944
10948
10940
10945
10948
10951
10943
10943
10943
10951
10955
10952
10947
10955
10938
10949
10944
10950
10950
10947
10941
10951
10944
10941
10951
10941
10945
10946
10943
10952
10955
10947
10944
10946
10941
10950
10945
10943
10948
10950
10941
10948
10944
10947
10940
10961
10950
10949
10956
10957
10946
10940
10946
10945
10950
10951
10944
10952
10942
10944
10951
10947
10944
10947
10948
10948
10949
10949
10956
10961
10953
10948
10950
10940
10951
10950
10937
10946
10948
10950
10948
10948
10953
10951
10951
10953
10949
10942
10943
10950
10952
10953
10953
10952
10942
10945
10953
10950
10949
10940
10947
10942
10951
10941
10957
10950
10947
10950
10951
10944
10944
10949
10948
10943
10950
10942
10952
10948
10949
10942
10951
10952
10941
10946
10950
10945
10942
10946
10941
10940
10947
10956
10945
10942
10938
10955
10952
10943
10941
10942
10943
10949
10949
10948
10951
10945
10957
10946
10948
10950
10943
10946
10945
10942
10943
10942
10943
10953
10950
10945
10939
10953
10952
10950
10940
10949
10948
10950
10957
10956
10945
10955
10947
10947
10951
10948
10943
10950
10950
10946
10944
10939
10953
10950
10949
10940
10948
10949
10949
10945
10949
10947
10959
10955
10952
10963
10943
10953
10952
10947
10948
10944
10953
10950
10950
10945
10956
10940
10944
10943
10955
10950
10952
10946
10955
10945
10954
10949
10952
10947
10946
10945
10943
10944
10934
10944
10946
10943
10938
10949
10949
10947
10944
10952
10960
10951
10956
10937
10953
10957
10941
10948
10946
10945
10950
10948
10949
10948
10941
10948
10952
10953
10943
10944
10954
10950
10942
10945
10953
10948
10941
10955
10952
10952
10946
10946
10944
10945
10948
10947
10946
10951
10943
10950
10948
10945
10943
10951
10945
10948
10948
10953
10952
10952
10945
10943
10942
10947
10946
10956
10946
10946
10945
10953
10945
10959
10943
10949
10955
10947
10956
10947
10941
10951
10951
10943
10950
10944
10954
10954
10942
10945
10945
10953
10941
10954
10941
10946
10948
10949
10946
10953
10942
10949
10946
10940
10951
10939
10947
10940
10944
10947
10952
10953
10949
10948
10940
10942
10950
10943
10952
10947
10945
10956
10941
10946
10952
10941
10951
10949
10946
10946
10945
10947
10956
10942
10948
10944
10945
10951
10946
10956
10945
10956
10957
10947
10935
10950
10939
10949
10945
10950
10957
10952
10948
10949
10952
10957
10952
10948
10942
10946
10946
10960
10949
10949
10951
10950
10945
10948
10953
10953
10951
10943
10945
10944
10942
10951
10947
10954
10946
10959
10936
10954
10942
10947
10951
10946
10950
10945
10947
10947
10942
10947
10943
10948
10953
10938
10958
10946
10944
10954
10942
10949
10946
10944
10948
10952
10952
10951
10952
10941
10948
10946
10949
10953
10949
10939
10943
10951
10948
10948
10939
10947
10953
10946
10956
10944
10947
10944
10946
10948
10948
10952
10947
10950
10951
10942
10948
10951
10956
10951
10943
10951
10941
10943
10948
10940
10943
10940
10947
10952
10947
10942
10955
10956
10946
10945
10943
10950
10940
10943
10948
10960
10949
10947
10941
10944
10957
10953
10942
10944
10946
10947
10947
10949
10955
10948
10950
10953
10946
10940
10946
10952
10947
10948
10952
10949
10943
10948
10952
10946
10953
10950
10947
10952
10944
10941
10946
10939
10944
10949
10944
10949
10941
10954
10948
10941
10945
10954
10953
10950
10944
10946
10951
10948
10943
10947
10942
10947
10944
10946
10943
10954
10942
10948
10946
10949
10948
10943
10945
10939
10939
10949
10945
10945
10943
10946
10942
10946
10945
10950
10946
10957
10949
10950
10943
10941
10954
10949
10954
10948
10947
10948
10946
10954
10939
10953
10948
10942
10947
10953
10954
10948
10945
10948
10950
10946
10947
10946
10946
10943
10956
10947
10952
10949
10957
10943
10945
10945
10950
10949
10954
10954
10946
10945
10951
10948
10941
10950
10943
10946
10942
10948
10948
10947
10951
10957
10944
10948
10952
10959
10945
10943
10941
10947
10944
10950
10939
10940
10948
10949
10944
10946
10940
10946
10943
10943
10941
10947
10947
10948
10945
10950
10953
10949
10948
10950
10940
10943
10953
10939
10939
10945
10952
10944
10950
10946
10951
10940
10950
10944
10944
10947
10945
10949
10946
10950
10933
10949
10957
10947
10949
10952
10951
10944
10951
10950
10950
10943
10944
10941
10950
10950
10940
10962
10956
10945
10946
10939
10948
10942
10945
10947
10955
10948
10942
10951
10956
10941
10950
10950
10950
10949
10949
10946
10942
10943
10945
10949
10942
10955
10948
10946
10945
10946
10941
10954
10947
10939
10947
10958
10945
10951
10949
10942
10948
10948
10954
10950
10954
10951
10950
10952
10945
10950
10944
10953
10943
10944
10950
10945
10950
10954
10954
10947
10945
10942
10946
10945
10945
10949
10941
10953
10948
10950
10950
10953
10949
10947
10956
10955
10955
10951
10951
10951
10949
10943
10952
10944
10949
10949
10942
10946
10954
10941
10954
10951
10948
10950
10951
10946
10948
10948
10962
10947
10946
10942
10941
10945
10948
10954
10955
10944
10948
10948
10950
10948
10949
10948
10941
10941
10950
10951
10948
10947
10943
10942
10944
10944
10947
10946
10949
10946
10954
10957
10949
10944
10945
10942
10955
10952
10951
10940
10942
10944
10947
10954
10948
10949
10950
10940
10955
10944
10947
10949
10943
10953
10953
10944
10949
10952
10949
10943
10942
10946
10956
10940
10945
10944
10948
