36772
36771
36759
36757
36748
36752
36769
36777
36758
36727
36755
36786
36762
36768
36772
36754
36760
36791
36773
36768
36762
36774
36757
36757
36767
36765
36773
36784
36765
36772
36772
36784
36774
36761
36754
36744
36775
36785
36754
36771
36750
36756
36778
36787
36776
36754
36771
36772
36773
36790
36747
36754
36750
36757
36771
36768
36748
36741
36762
36750
36778
36764
36735
36784
36762
36746
36795
36770
36765
36774
36746
36746
36766
36758
36770
36769
36773
36757
36758
36753
36737
36774
36738
36760
36773
36760
36772
36767
36766
36740
36766
36763
36773
36758
36772
36770
36779
36761
36770
36760
36748
36791
36750
36745
36770
36778
36770
36745
36772
36787
36749
36753
36762
36773
36776
36773
36754
36754
36745
36753
36754
36771
36750
36756
36773
36761
36789
36779
36748
36787
36769
36772
36764
36762
36757
36749
36770
36763
36769
36796
36770
36769
36746
36744
36786
36777
36784
36758
36776
36755
36762
36768
36772
36771
36752
36779
36764
36772
36737
36763
36779
36774
36737
36762
36766
36778
36759
36760
36773
36759
36746
36759
36768
36758
36754
36746
36721
36744
36764
36752
36774
36774
36746
36768
36776
36738
36779
36733
36759
36759
36763
36769
36746
36739
36772
36756
36742
36774
36729
36759
36789
36782
36764
36753
36767
36763
36756
36753
36775
36752
36773
36769
36761
36779
36771
36745
36758
36753
36759
36736
36764
36767
36782
36768
36745
36753
36768
36759
36771
36779
36755
36773
36743
36741
36761
36769
36746
36745
36779
36770
36778
36758
36762
36780
36761
36762
36769
36770
36763
36755
36751
36758
36783
36770
36780
36775
36751
36741
36755
36764
36764
36759
36766
36774
36774
36771
36757
36744
36753
36765
36789
36765
36764
36781
36758
36747
36766
36770
36752
36736
36779
36761
36754
36753
36743
36763
36764
36763
36751
36751
36757
36786
36795
36743
36754
36776
36761
36803
36790
36750
36758
36766
36763
36782
36797
36753
36782
36772
36765
36748
36782
36735
36761
36776
36734
36750
36738
36759
36772
36773
36768
36750
36779
36761
36760
36765
36762
36755
36781
36764
36772
36762
36777
36755
36772
36778
36745
36760
36776
36787
36796
36759
36750
36776
36762
36789
36758
36757
36769
36776
36758
36788
36755
36764
36743
36781
36766
36748
36761
36758
36751
36764
36740
36758
36767
36754
36755
36756
36774
36804
36768
36751
36775
36754
36765
36753
36755
36744
36764
36749
36760
36768
36759
36750
36789
36763
36785
36747
36746
36749
36782
36770
36758
36753
36774
36757
36778
36774
36778
36776
36756
36771
36748
36759
36761
36785
36765
36763
36781
36773
36770
36768
36748
36783
36743
36741
36793
36742
36751
36775
36757
36754
36771
36769
36757
36753
36754
36777
36758
36774
36764
36769
36747
36760
36752
36779
36781
36746
36751
36753
36774
36756
36755
36772
36763
36743
36745
36758
36758
36768
36767
36789
36771
36760
36768
36775
36767
36761
36748
36778
36773
36766
36752
36746
36778
36766
36757
36739
36775
36741
36761
36750
36776
36745
36758
36765
36756
36781
36752
36761
36766
36752
36749
36767
36778
36767
36749
36769
36770
36754
36783
36744
36790
36750
36783
36737
36756
36752
36752
36754
36742
36747
36772
36748
36736
36761
36745
36790
36779
36776
36769
36755
36774
36757
36779
36762
36742
36764
36773
36753
36745
36747
36775
36771
36788
36737
36787
36777
36764
36792
36749
36761
36762
36748
36769
36773
36765
36753
36758
36745
36776
36767
36749
36768
36807
36779
36771
36779
36756
36768
36760
36754
36743
36736
36782
36777
36772
36759
36758
36757
36747
36742
36773
36772
36778
36757
36773
36761
36770
36771
36752
36761
36770
36761
36742
36780
36751
36765
36764
36772
36763
36769
36771
36777
36771
36762
36775
36785
36755
36774
36739
36752
36761
36757
36762
36791
36767
36778
36777
36786
36748
36778
36754
36743
36776
36764
36783
36767
36774
36751
36780
36758
36790
36776
36767
36759
36789
36759
36753
36773
36757
36756
36757
36750
36796
36769
36761
36736
36744
36781
36769
36760
36746
36763
36777
36789
36762
36765
36776
36756
36751
36772
36735
36765
36736
36748
36756
36756
36759
36763
36764
36766
36766
36752
36769
36756
36752
36758
36775
36763
36776
36743
36746
36759
36758
36763
36752
36761
36767
36794
36771
36769
36769
36765
36773
36781
36741
36774
36768
36781
36752
36763
36760
36777
36778
36762
36764
36769
36772
36774
36768
36754
36746
36777
36770
36753
36757
36763
36790
36761
36748
36783
36751
36751
36784
36789
36772
36781
36771
36775
36765
36783
36753
36780
36762
36783
36766
36746
36773
36757
36774
36784
36766
36773
36750
36774
36766
36753
36769
36779
36768
36772
36751
36750
36780
36749
36780
36763
36774
36772
36787
36775
36757
36783
36776
36761
36767
36765
36747
36767
36748
36762
36768
36786
36775
36777
36747
36770
36791
36766
36761
36765
36744
36746
36759
36749
36739
36769
36752
36765
36756
36755
36768
36772
36777
36781
36762
36758
36736
36790
36765
36748
36747
36765
36755
36778
36750
36748
36772
36757
36753
36753
36776
36764
36759
36779
36770
36760
36763
36751
36760
36751
36766
36772
36744
36767
36783
36770
36763
36751
36746
36750
36768
36751
36777
36762
36768
36754
36748
36764
36777
36774
36755
36765
36778
36749
36759
36764
36757
36765
36746
36781
36767
36764
36776
36758
36768
36762
36763
36760
36767
36755
36777
36773
36762
36755
36777
36766
36761
36758
36773
36730
36750
36779
36751
36786
36764
36780
36769
36748
36781
36743
36780
36767
36767
36758
36774
36764
36768
36761
36770
36766
36761
36778
36752
36759
36776
36777
36755
36756
36771
36765
36769
36750
36758
36745
36755
36764
36767
36779
36763
36762
36775
36759
36770
36752
36768
36774
36748
36774
36762
36762
36790
36749
36763
36775
36741
36758
36756
36749
36739
36749
36724
36745
36760
36773
36768
36779
36776
36754
36762
36761
36746
36767
36756
36765
36756
36765
36768
36757
36742
36761
36778
36782
36755
36775
36744
36759
36753
36769
36762
36774
36767
36761
36755
36758
36748
36770
36749
36758
36754
36773
36783
36750
36771
36785
36772
36756
36767
36792
36752
36785
36755
36781
36751
36758
36792
36751
36762
36765
36752
36758
36741
36757
36759
36766
36749
36747
36773
36769
36761
36744
36766
36765
36766
36761
36767
36768
36761
36771
36772
36747
36770
36772
36768
36775
36770
36770
36749
36779
