189110
189217
189286
189098
189493
189494
189492
189058
189219
189074
189057
189500
189228
189373
189067
189165
189183
189121
189291
189135
189314
189231
189081
189077
189231
189324
189193
189104
189291
189386
189298
189190
189318
189205
189233
189249
189316
189004
189220
189221
189166
189242
189470
189501
189195
188928
189258
189211
189487
189431
189092
189571
189281
189328
189323
189261
189201
189349
189202
189529
189146
189444
189363
189382
189250
189674
189143
189144
189048
189179
189161
189266
189342
189099
189075
189671
189095
189101
189234
189454
188906
189065
189043
188985
189184
189190
189097
189162
189107
188893
189239
189351
189392
189380
189277
189214
189265
189237
189176
189066
189171
189283
189407
189411
189122
189029
189312
188905
189215
188990
188956
189252
189307
189496
189140
189020
189270
189255
189279
189464
189226
189259
189370
189049
189209
189024
189022
189058
189343
189311
189105
189339
189570
189199
189234
189033
189318
188957
189227
189267
189388
189311
188979
189218
189393
189214
189162
189214
189312
189225
189097
189093
189441
189114
189337
189164
189427
189290
189366
189382
189157
189108
189301
189069
189408
189115
189484
189216
189142
189266
189069
189347
189150
189230
189295
189114
189359
189137
188985
189206
189105
189372
189054
189316
189278
189231
189460
189208
189372
189546
189474
189116
189087
189136
189372
189305
189243
189285
189062
189094
189515
189402
189119
189159
189094
189141
189473
188912
189434
189276
189224
189143
189321
189165
189250
189479
189293
188998
189196
189267
188999
189654
189340
189238
189088
189121
189234
189033
189426
189203
189313
189208
189427
189333
188968
189341
189270
189602
189046
189045
189172
189281
189251
189313
188967
189068
189075
189246
189139
189103
188982
189224
189147
188985
189197
189357
189431
189306
189223
189298
189216
189340
189295
189516
189639
189072
189300
189439
189134
189029
189587
189163
189572
189259
189197
189316
189275
189307
189543
189143
189328
189043
189165
189216
189126
189013
189077
189319
189340
189141
189157
189373
189292
189059
189012
189166
189188
189051
189190
189611
189312
189049
189128
189288
189162
189414
189205
189279
189182
189254
189232
189209
189049
189147
189061
189051
189526
189176
189301
189402
189245
189568
189005
189191
189230
189166
189346
189234
189023
189503
189422
189142
189242
189267
189160
189039
189486
189155
189454
189227
189193
189256
189077
188905
189365
189164
189343
189331
189234
189510
189317
189213
189157
189033
188999
189299
189144
189447
189213
189297
188905
189101
189174
189034
188954
189124
189142
189296
189209
189332
189059
189256
189290
189561
189203
189519
189293
189025
189330
189243
189300
188959
188997
189011
189307
189486
189074
189402
189494
189189
189349
189113
189319
189308
189245
189149
189272
189312
189586
189105
189294
189211
189481
189357
189138
189256
189136
189077
189343
189087
189282
189202
189389
189084
189173
189366
189122
189148
189052
189107
189652
189005
189048
189288
189098
189161
189375
189328
189517
189010
189102
189247
189321
189424
189026
189316
189271
189481
189235
189295
189420
189369
189169
189002
189268
189421
189170
189211
189077
189168
189141
189223
189239
189244
189253
189269
189226
189341
189201
189381
189208
189225
189279
189107
189238
189147
189277
189142
188928
189243
189201
189211
189260
189320
189127
189460
189276
189175
189065
189228
189379
189201
189257
189178
189093
189232
189295
189264
189226
189149
188990
189249
189301
189294
189158
189362
189533
189098
189301
189192
189070
189154
189224
189338
189065
189201
189319
189236
189281
188953
189617
189452
189196
189252
189237
189231
189361
189188
189308
189159
189246
189236
189144
189183
189200
189381
189325
189222
189381
189077
189179
189352
188930
189685
189382
189241
189155
189389
189241
189436
189361
189052
189138
189505
189138
189203
189173
189372
188959
189482
189070
188874
189221
189109
189072
189004
189085
189323
189449
188990
189112
189079
189319
189155
189299
189323
189058
189230
189263
189157
189186
189100
189289
189201
189469
189162
189133
189436
189184
188897
188928
189079
189396
189409
189020
189395
189511
189309
189390
189328
189148
189101
189344
189247
189469
189298
189165
189437
189633
189091
189030
189335
189117
189177
189406
188944
189213
189112
189203
189270
189238
189079
189180
189004
189268
189233
188973
189398
189166
189097
188959
189098
189318
189202
189279
189118
189312
189180
189079
189083
189107
189193
189184
189136
189148
189308
189442
189080
189077
189318
189191
189217
189097
189251
189121
189227
189364
189209
189145
189226
189255
188940
189777
189382
189201
189023
189069
189241
189265
189288
189100
189409
189301
189271
189348
189285
189237
189265
189138
189201
189385
189133
189153
189326
189331
188991
189227
189442
189351
189453
189192
189445
189360
189293
189357
189222
189342
189360
189485
189315
189343
189121
189260
189177
189103
189090
189249
189226
189406
189239
189134
189110
189207
189283
189366
189121
189265
189242
189579
188973
189186
189203
189452
189500
189142
189234
189322
189214
189462
189257
188941
189320
189211
189127
189228
189078
188964
189179
189088
189345
189326
189404
189117
189127
189105
189378
189292
189473
189122
188962
189329
189180
189174
189405
189098
189486
189243
189263
189290
189253
189343
188988
189260
189430
189021
189295
189063
188995
189184
189439
189282
189267
189305
189185
189271
189217
189398
189142
189621
189314
189292
189385
189201
189215
189085
189173
189357
189360
189324
189192
189481
189389
189024
189282
189122
189063
189347
188994
189241
189264
189240
188949
189286
188972
189367
189183
189422
188948
189360
189262
189405
188947
189198
189370
189237
189085
188878
189491
189443
189156
189520
189269
189108
189150
189205
189429
189189
189000
189472
189114
189134
189108
189250
189063
188982
189222
189272
189387
189174
189270
189457
189198
189085
189137
189357
189098
189277
189138
189268
189209
188970
189611
189708
189107
189132
189172
189113
189170
189617
189139
189233
189134
189221
189380
189193
189189
189219
189343
189167
189173
189163
189372
189183
189185
188916
189144
189120
189176
189382
189168
189159
189229
189081
189254
189058
189191
189163
189093
189130
189008
189115
189102
189227
189219
189204
189540
189207
189058
189157
189203
189145
189195
189622
189461
189298
189276
189471
189065
189217
189125
189380
189193
189031
189428
189302
189186
189257
189320
188918
189040
189260
189079
189290
189138
189539
188985
189089
189400
189144
189020
188920
189084
189357
188891
189279
189293
189089
189372
189320
189317
189438
189060
189454
189333
188980
189323
189395
189164
189354
189474
189207
189281
188950
189409
189629
188944
188951
189238
189233
189159
189128
188968
189117
189254
189114
189080
189206
189152
189247
189391
189093
189411
189167
189112
189221
189353
189136
189393
189248
189186
189010
189116
189131
189153
189218
189102
189361
189187
189085
189292
189034
189176
189191
189301
189263
189283
189146
189572
189101
189216
189077
189505
189261
189285
189328
189156
189209
189245
189330
189037
