3112
3134
3126
3120
3141
3132
3106
3131
3102
3127
3119
3117
3132
3103
3116
3128
3123
3123
3121
3123
3118
3124
3132
3125
3113
3122
3131
3129
3118
3115
3111
3113
3124
3116
3131
3126
3114
3109
3117
3126
3112
3117
3108
3119
3145
3126
3133
3123
3120
3117
3113
3118
3115
3119
3114
3128
3122
3124
3122
3120
3116
3118
3123
3105
3119
3115
3122
3109
3122
3120
3138
3114
3132
3128
3114
3093
3110
3128
3104
3119
3109
3111
3109
3114
3131
3104
3115
3121
3118
3121
3131
3121
3143
3105
3119
3145
3107
3113
3108
3124
3120
3127
3116
3118
3115
3130
3117
3112
3110
3127
3126
3125
3117
3121
3115
3118
3134
3127
3109
3113
3114
3121
3126
3131
3126
3125
3096
3105
3124
3113
3118
3134
3116
3111
3110
3127
3125
3138
3141
3105
3136
3139
3112
3126
3109
3121
3127
3121
3105
3107
3126
3100
3122
3130
3121
3110
3124
3134
3118
3117
3124
3121
3129
3131
3116
3118
3132
3153
3125
3137
3126
3126
3113
3119
3118
3114
3133
3111
3117
3138
3129
3108
3126
3128
3116
3123
3119
3128
3131
3118
3106
3120
3127
3119
3127
3127
3120
3126
3104
3108
3115
3130
3130
3122
3118
3114
3116
3117
3134
3117
3117
3126
3120
3124
3128
3129
3129
3151
3103
3121
3124
3113
3099
3115
3111
3146
3121
3122
3126
3133
3118
3123
3116
3110
3126
3125
3114
3109
3123
3130
3119
3118
3120
3112
3131
3124
3128
3128
3114
3125
3127
3113
3124
3112
3126
3124
3130
3129
3126
3107
3117
3114
3099
3122
3125
3120
3124
3122
3117
3137
3123
3114
3129
3115
3116
3099
3119
3112
3113
3133
3137
3118
3119
3107
3138
3113
3118
3128
3119
3110
3104
3120
3113
3113
3141
3107
3137
3117
3127
3126
3112
3119
3133
3106
3144
3135
3132
3129
3124
3144
3131
3118
3125
3119
3110
3111
3142
3120
3151
3124
3120
3123
3127
3119
3123
3106
3125
3115
3124
3119
3132
3132
3129
3107
3110
3115
3130
3111
3133
3123
3119
3131
3124
3106
3122
3122
3116
3129
3115
3115
3122
3132
3134
3120
3112
3120
3136
3117
3126
3129
3127
3136
3127
3114
3129
3111
3136
3118
3118
3127
3118
3117
3123
3127
3119
3110
3122
3124
3113
3105
3111
3128
3110
3117
3125
3123
3127
3133
3119
3132
3114
3107
3118
3111
3144
3120
3130
3136
3109
3114
3135
3118
3110
3112
3117
3121
3107
3115
3108
3125
3128
3103
3130
3124
3121
3111
3122
3125
3111
3126
3127
3119
3125
3121
3130
3117
3127
3112
3133
3132
3112
3121
3129
3126
3104
3120
3137
3132
3125
3117
3120
3117
3135
3120
3117
3107
3096
3116
3127
3119
3122
3123
3119
3114
3108
3125
3118
3133
3128
3118
3119
3133
3101
3129
3123
3120
3122
3117
3122
3124
3123
3130
3126
3125
3125
3119
3131
3122
3124
3116
3117
3097
3119
3130
3118
3109
3113
3144
3113
3114
3128
3123
3115
3139
3105
3118
3116
3114
3135
3122
3116
3119
3111
3119
3120
3123
3126
3115
3111
3112
3146
3127
3119
3115
3101
3125
3105
3119
3113
3112
3122
3136
3113
3103
3125
3121
3123
3111
3118
3120
3120
3120
3122
3118
3117
3126
3122
3123
3117
3121
3129
3127
3106
3133
3131
3134
3116
3122
3119
3124
3118
3138
3132
3113
3126
3134
3114
3116
3132
3125
3125
3125
3128
3117
3133
3109
3126
3109
3117
3120
3132
3145
3111
3107
3116
3122
3124
3138
3119
3128
3113
3116
3126
3115
3135
3105
3114
3105
3144
3119
3124
3106
3121
3126
3113
3132
3113
3117
3115
3130
3113
3110
3114
3110
3126
3109
3134
3116
3115
3126
3117
3108
3122
3123
3124
3117
3119
3130
3122
3141
3111
3112
3114
3116
3113
3130
3111
3129
3111
3114
3129
3145
3119
3124
3120
3120
3112
3111
3122
3122
3106
3134
3122
3118
3114
3124
3139
3128
3129
3121
3111
3126
3131
3122
3127
3124
3104
3125
3131
3108
3102
3107
3119
3135
3139
3134
3112
3119
3109
3096
3119
3134
3111
3114
3130
3117
3133
3125
3124
3113
3116
3130
3112
3120
3125
3120
3118
3136
3116
3127
3126
3116
3129
3111
3116
3148
3106
3133
3114
3106
3124
3128
3119
3112
3130
3118
3110
3110
3123
3133
3124
3110
3122
3119
3129
3123
3118
3118
3121
3126
3132
3111
3111
3131
3133
3132
3115
3111
3130
3112
3134
3117
3119
3121
3121
3127
3110
3110
3102
3125
3111
3147
3113
3116
3108
3127
3110
3124
3116
3123
3121
3109
3113
3127
3108
3115
3113
3116
3116
3134
3124
3112
3121
3116
3119
3126
3110
3123
3106
3105
3141
3125
3102
3131
3130
3129
3103
3136
3103
3108
3117
3115
3120
3121
3123
3126
3117
3119
3113
3127
3134
3128
3118
3115
3124
3131
3121
3128
3137
3131
3115
3134
3119
3113
3107
3119
3121
3116
3136
3147
3122
3134
3123
3111
3138
3122
3116
3111
3120
3129
3106
3127
3137
3137
3137
3128
3111
3128
3111
3132
3105
3107
3124
3111
3111
3124
3138
3099
3099
3132
3109
3106
3128
3128
3109
3102
3103
3123
3122
3126
3117
3131
3109
3114
3117
3123
3117
3121
3108
3121
3110
3115
3109
3133
3126
3137
3125
3106
3121
3127
3113
3124
3128
3126
3150
3129
3107
3134
3126
3126
3116
3108
3114
3106
3112
3125
3119
3113
3128
3129
3110
3118
3121
3109
3133
3126
3121
3116
3115
3125
3117
3128
3118
3113
3122
3118
3117
3138
3137
3122
3107
3146
3125
3114
3124
3124
3107
3123
3150
3131
3129
3130
3129
3114
3130
3128
3109
3141
3112
3126
3126
3126
3117
3129
3138
3136
3126
3112
3117
3138
3110
3127
3120
3110
3134
3117
3121
3125
3116
3109
3113
3124
3125
3137
3117
3126
3132
3115
3115
3104
3117
3117
3127
3119
3116
3117
3115
3102
3120
3109
3138
3121
3128
3132
3118
3108
3118
3124
3130
3126
3115
3127
3123
3121
3125
3127
3118
3126
3133
3125
3102
3105
3143
3118
3120
3115
3120
3128
3138
3110
