5056
5069
5055
5056
5052
5062
5056
5057
5055
5051
5053
5058
5057
5052
5051
5051
5052
5052
5058
5060
5054
5053
5054
5050
5055
5053
5051
5053
5044
5058
5050
5055
5056
5054
5052
5045
5061
5046
5051
5049
5051
5048
5053
5051
5048
5055
5049
5050
5063
5055
5051
5050
5052
5050
5055
5053
5053
5061
5044
5062
5057
5056
5054
5049
5050
5050
5057
5053
5058
5055
5056
5054
5052
5053
5053
5053
5054
5053
5043
5052
5053
5045
5051
5050
5060
5058
5050
5057
5051
5053
5057
5056
5053
5053
5053
5050
5045
5055
5052
5061
5058
5056
5048
5052
5052
5054
5053
5053
5059
5050
5043
5047
5055
5053
5057
5056
5059
5050
5046
5062
5051
5048
5052
5046
5052
5059
5064
5056
5056
5054
5047
5051
5047
5053
5052
5055
5051
5057
5056
5058
5049
5051
5050
5046
5053
5053
5054
5043
5051
5058
5051
5056
5060
5060
5054
5054
5059
5047
5055
5053
5049
5054
5050
5054
5054
5068
5055
5049
5049
5055
5057
5051
5059
5050
5049
5048
5055
5056
5056
5052
5058
5055
5064
5058
5053
5044
5054
5058
5056
5053
5053
5052
5055
5059
5057
5047
5057
5060
5049
5065
5062
5053
5049
5059
5050
5043
5051
5064
5049
5053
5056
5045
5048
5052
5054
5053
5053
5056
5052
5063
5053
5050
5053
5037
5048
5054
5049
5051
5058
5049
5044
5054
5057
5061
5049
5050
5046
5053
5047
5055
5047
5056
5049
5048
5043
5055
5052
5057
5048
5055
5054
5055
5052
5057
5053
5056
5054
5054
5041
5052
5051
5057
5047
5055
5052
5047
5056
5052
5055
5058
5050
5047
5057
5050
5053
5057
5059
5051
5060
5055
5050
5050
5058
5057
5057
5059
5044
5057
5054
5051
5050
5047
5049
5055
5048
5057
5052
5049
5065
5054
5046
5057
5055
5052
5050
5064
5053
5057
5052
5057
5053
5047
5052
5045
5047
5066
5050
5058
5050
5052
5053
5045
5056
5059
5055
5051
5063
5052
5047
5051
5058
5054
5050
5046
5054
5049
5060
5058
5055
5053
5048
5051
5060
5053
5045
5057
5047
5059
5047
5048
5051
5055
5060
5048
5053
5052
5058
5058
5054
5054
5060
5048
5048
5051
5045
5051
5051
5056
5058
5043
5053
5052
5062
5052
5053
5058
5049
5060
5050
5060
5057
5050
5051
5061
5060
5050
5062
5059
5060
5050
5051
5049
5055
5042
5052
5053
5044
5049
5058
5041
5050
5052
5059
5061
5052
5046
5050
5052
5052
5053
5050
5067
5063
5058
5054
5057
5055
5056
5059
5049
5049
5055
5058
5055
5057
5051
5051
5054
5061
5055
5055
5049
5050
5059
5054
5049
5062
5058
5061
5056
5051
5052
5042
5056
5050
5045
5058
5060
5047
5057
5047
5050
5042
5050
5054
5052
5062
5045
5050
5047
5049
5048
5053
5065
5053
5048
5052
5050
5059
5048
5053
5051
5047
5056
5047
5052
5051
5053
5048
5047
5050
5058
5055
5051
5052
5055
5057
5047
5056
5051
5051
5043
5061
5059
5044
5048
5059
5049
5045
5057
5046
5053
5052
5052
5054
5059
5048
5046
5050
5062
5051
5049
5049
5048
5053
5061
5051
5050
5052
5054
5052
5051
5055
5053
5049
5056
5048
5042
5056
5053
5051
5060
5053
5053
5047
5050
5048
5058
5057
5049
5052
5061
5049
5054
5046
5057
5051
5052
5048
5059
5060
5054
5059
5048
5051
5052
5053
5045
5057
5054
5045
5057
5062
5049
5062
5048
5050
5046
5053
5055
5057
5044
5054
5056
5057
5058
5053
5058
5056
5056
5049
5059
5062
5058
5048
5048
5053
5053
5048
5057
5059
5055
5053
5053
5054
5061
5058
5052
5055
5059
5053
5045
5056
5051
5050
5047
5059
5051
5048
5052
5047
5061
5050
5055
5052
5049
5056
5046
5047
5050
5055
5056
5048
5052
5045
5056
5051
5044
5048
5058
5057
5061
5065
5058
5047
5047
5049
5046
5048
5049
5056
5048
5055
5059
5053
5051
5050
5051
5053
5059
5058
5048
5051
5062
5047
5056
5054
5060
5050
5056
5052
5061
5053
5050
5051
5063
5064
5057
5054
5054
5056
5052
5052
5046
5058
5052
5053
5053
5041
5058
5061
5051
5049
5056
5052
5050
5050
5050
5052
5060
5054
5058
5051
5052
5057
5058
5049
5051
5051
5052
5051
5044
5049
5057
5047
5055
5047
5054
5056
5049
5062
5050
5049
5042
5049
5060
5053
5057
5056
5047
5050
5052
5044
5047
5056
5046
5047
5055
5058
5052
5058
5050
5066
5058
5055
5060
5049
5057
5063
5057
5051
5052
5053
5060
5061
5049
5056
5051
5053
5059
5057
5053
5051
5059
5047
5051
5055
5043
5054
5056
5051
5056
5053
5062
5056
5045
5055
5054
5050
5057
5051
5054
5050
5051
5046
5054
5055
5051
5043
5066
5044
5046
5059
5049
5049
5050
5057
5052
5052
5053
5046
5048
5051
5046
5050
5063
5051
5052
5051
5049
5060
5058
5045
5056
5052
5051
5058
5051
5056
5053
5065
5049
5052
5053
5043
5049
5049
5059
5049
5050
5053
5046
5053
5052
5055
5050
5044
5058
5052
5052
5057
5056
5043
5052
5054
5048
5051
5048
5052
5058
5051
5055
5060
5058
5051
5065
5050
5054
5050
5050
5056
5056
5050
5051
5058
5058
5050
5050
5058
5050
5048
5053
5057
5060
5055
5052
5053
5049
5053
5056
5056
5048
5055
5048
5054
5052
5065
5056
5059
5054
5056
5050
5052
5051
5057
5061
5053
5062
5057
5061
5052
5047
5053
5050
5049
5051
5044
5054
5052
5056
5043
5053
5053
5057
5052
5045
5062
5047
5053
5051
5057
5052
5054
5057
5058
5047
5054
5046
5062
5050
5058
5060
5046
5052
5050
5057
5054
5048
5055
5060
5062
5061
5052
5054
5052
5049
5051
5047
5055
5056
5050
5055
5052
5053
5059
5051
5043
5058
5051
5050
5052
5060
5048
5060
5047
5054
5055
5053
5048
5049
5054
5053
5047
5050
5053
5050
5055
5052
5059
5050
5058
5053
5052
5061
5056
5054
5056
5059
5050
5056
5051
5053
5059
5056
5050
5049
5054
5049
5054
5051
5048
5048
5053
5055
5050
5058
5056
5049
5052
5054
