4640
4631
4627
4623
4646
4621
4632
4637
4603
4644
4608
4620
4627
4646
4606
4620
4620
4624
4630
4616
4629
4630
4617
4625
4606
4608
4651
4634
4613
4607
4632
4621
4625
4623
4613
4624
4631
4635
4619
4610
4629
4621
4613
4599
4635
4643
4612
4619
4616
4612
4615
4633
4636
4612
4602
4607
4625
4611
4620
4631
4608
4626
4634
4616
4625
4616
4629
4630
4638
4627
4592
4636
4622
4619
4634
4627
4634
4619
4626
4624
4622
4620
4637
4621
4617
4596
4626
4634
4645
4620
4604
4620
4641
4631
4625
4617
4631
4630
4622
4622
4635
4625
4632
4630
4640
4627
4620
4647
4632
4604
4625
4628
4631
4626
4618
4639
4629
4616
4618
4604
4633
4641
4639
4622
4621
4631
4616
4621
4616
4609
4635
4625
4626
4604
4613
4635
4611
4618
4621
4649
4633
4632
4637
4629
4630
4619
4630
4602
4611
4620
4605
4614
4644
4632
4642
4616
4623
4614
4636
4623
4618
4644
4614
4615
4633
4618
4646
4634
4646
4626
4637
4634
4626
4615
4629
4621
4635
4631
4616
4636
4604
4630
4632
4626
4626
4633
4622
4616
4620
4650
4629
4621
4620
4609
4631
4628
4618
4629
4631
4641
4626
4636
4613
4621
4632
4619
4610
4611
4622
4619
4627
4619
4626
4618
4613
4625
4605
4632
4627
4596
4635
4617
4636
4622
4634
4636
4611
4625
4638
4627
4626
4634
4622
4631
4647
4621
4630
4619
4601
4628
4618
4621
4624
4633
4639
4626
4622
4628
4624
4640
4645
4626
4634
4635
4627
4624
4623
4646
4612
4619
4606
4617
4623
4618
4606
4611
4624
4609
4621
4627
4632
4622
4610
4632
4622
4610
4638
4619
4653
4598
4614
4623
4611
4617
4618
4630
4609
4611
4617
4607
4618
4621
4627
4619
4607
4633
4605
4620
4628
4625
4646
4618
4619
4598
4637
4620
4630
4609
4602
4627
4633
4616
4620
4621
4623
4635
4633
4629
4637
4609
4638
4622
4614
4630
4623
4623
4623
4627
4658
4615
4633
4620
4614
4642
4631
4629
4629
4630
4631
4629
4607
4608
4626
4621
4616
4638
4621
4633
4626
4642
4653
4624
4641
4617
4630
4625
4609
4635
4622
4628
4628
4661
4628
4612
4620
4621
4629
4624
4638
4630
4641
4625
4612
4621
4614
4630
4631
4618
4614
4632
4632
4625
4604
4632
4629
4607
4634
4596
4620
4622
4635
4625
4622
4632
4624
4616
4633
4636
4637
4636
4614
4602
4609
4618
4630
4608
4609
4616
4599
4618
4633
4625
4620
4633
4632
4614
4611
4629
4630
4613
4635
4617
4640
4627
4636
4633
4624
4620
4628
4632
4638
4630
4633
4640
4623
4634
4618
4621
4645
4646
4649
4597
4625
4610
4650
4619
4634
4625
4611
4602
4612
4626
4609
4645
4637
4616
4626
4628
4610
4619
4630
4609
4637
4621
4637
4632
4610
4619
4638
4650
4625
4615
4640
4630
4632
4635
4631
4616
4617
4638
4620
4626
4607
4608
4625
4641
4612
4619
4633
4625
4625
4648
4656
4621
4638
4622
4614
4628
4620
4630
4627
4645
4648
4620
4627
4636
4609
4627
4630
4609
4604
4619
4626
4618
4620
4626
4632
4633
4615
4623
4613
4635
4634
4627
4642
4617
4633
4629
4623
4625
4616
4610
4628
4637
4625
4632
4624
4630
4620
4615
4601
4614
4626
4622
4627
4628
4623
4625
4618
4617
4623
4636
4617
4629
4630
4610
4612
4635
4637
4641
4617
4619
4618
4643
4620
4611
4651
4626
4622
4623
4630
4641
4629
4643
4630
4596
4607
4607
4617
4650
4630
4616
4635
4642
4626
4618
4604
4616
4616
4621
4622
4621
4616
4632
4620
4632
4612
4646
4619
4613
4635
4643
4639
4615
4610
4617
4625
4632
4636
4622
4621
4621
4624
4662
4640
4608
4627
4633
4611
4632
4638
4625
4627
4623
4635
4621
4611
4606
4616
4624
4626
4635
4619
4617
4627
4638
4633
4621
4648
4646
4634
4626
4616
4625
4635
4609
4622
4609
4605
4632
4614
4631
4618
4610
4612
4624
4644
4625
4628
4616
4617
4623
4617
4628
4628
4611
4626
4631
4628
4610
4635
4642
4641
4623
4618
4640
4635
4629
4609
4624
4641
4617
4640
4621
4630
4610
4620
4612
4645
4621
4618
4619
4623
4607
4637
4616
4630
4645
4640
4624
4611
4616
4624
4596
4632
4642
4625
4614
4621
4625
4613
4622
4625
4618
4647
4620
4605
4632
4620
4632
4635
4622
4623
4625
4602
4623
4624
4619
4622
4633
4635
4615
4629
4636
4623
4641
4622
4623
4617
4639
4615
4624
4629
4625
4605
4632
4611
4610
4622
4639
4622
4633
4618
4613
4618
4627
4617
4625
4618
4623
4612
4624
4632
4629
4619
4642
4612
4616
4628
4638
4607
4612
4644
4614
4642
4618
4629
4647
4623
4633
4616
4640
4633
4610
4632
4615
4638
4623
4644
4626
4643
4643
4633
4627
4630
4617
4656
4629
4622
4612
4616
4610
4615
4641
4633
4620
4644
4639
4648
4653
4636
4633
4623
4650
4639
4629
4608
4637
4626
4608
4615
4625
4641
4620
4629
4603
4613
4616
4620
4642
4628
4630
4632
4606
4631
4636
4616
4623
4618
4624
4618
4627
4621
4637
4617
4608
4632
4625
4627
4647
4623
4635
4621
4632
4628
4627
4605
4646
4628
4607
4626
4621
4653
4621
4618
4638
4619
4637
4645
4621
4604
4623
4634
4623
4610
4622
4624
4625
4610
4619
4623
4618
4614
4606
4622
4622
4622
4624
4622
4617
4627
4620
4609
4616
4617
4612
4613
4616
4613
4627
4613
4612
4630
4637
4627
4627
4622
4617
4623
4624
4629
4617
4622
4618
4620
4630
4637
4621
4621
4621
4607
4628
4632
4632
4627
4626
4628
4622
4621
4609
4625
4643
4641
4621
4616
4625
4627
4623
4619
4612
4624
4642
4638
4620
4640
4637
4627
4623
4633
4611
4635
4625
4619
4635
4599
4621
4639
4634
4618
4616
4619
4632
4632
4628
4612
4640
4623
4609
4624
4611
4624
4646
4615
4613
4620
4652
4647
4634
4611
4625
4644
4612
4619
4616
4649
4656
4633
4641
4622
4632
4609
4622
4622
4624
4628
4632
4622
4611
4623
4634
