26357
26311
26385
26337
26346
26332
26385
26384
26354
26329
26336
26298
26324
26351
26342
26363
26341
26365
26346
26407
26351
26368
26357
26343
26330
26362
26363
26337
26301
26271
26340
26381
26360
26355
26376
26324
26314
26354
26364
26408
26325
26369
26345
26329
26400
26362
26415
26298
26379
26339
26344
26378
26397
26306
26381
26410
26366
26372
26366
26362
26316
26308
26407
26424
26361
26350
26393
26420
26314
26372
26324
26371
26292
26367
26347
26361
26329
26339
26420
26356
26318
26344
26406
26397
26344
26322
26378
26373
26332
26385
26390
26360
26330
26395
26332
26317
26343
26291
26338
26343
26326
26355
26392
26298
26358
26309
26346
26371
26346
26365
26394
26372
26331
26392
26386
26407
26337
26415
26394
26316
26362
26358
26384
26326
26379
26363
26315
26335
26396
26403
26383
26398
26343
26363
26420
26344
26342
26341
26332
26309
26326
26347
26342
26294
26301
26353
26392
26335
26356
26322
26379
26383
26341
26377
26338
26358
26352
26390
26350
26294
26307
26329
26371
26320
26372
26331
26359
26329
26366
26325
26313
26340
26343
26374
26355
26317
26325
26335
26380
26288
26383
26310
26319
26401
26304
26435
26367
26334
26357
26379
26379
26308
26376
26382
26302
26323
26397
26389
26373
26334
26334
26366
26319
26321
26362
26320
26327
26332
26302
26362
26388
26364
26384
26378
26427
26419
26346
26325
26316
26335
26373
26263
26381
26343
26410
26409
26338
26358
26368
26343
26289
26308
26368
26316
26361
26376
26358
26393
26343
26355
26386
26324
26393
26393
26354
26338
26370
26403
26367
26321
26340
26387
26386
26329
26338
26310
26318
26363
26329
26377
26376
26315
26294
26389
26361
26371
26352
26365
26376
26322
26300
26335
26415
26314
26441
26392
26301
26374
26389
26363
26318
26331
26388
26362
26350
26373
26282
26359
26353
26366
26343
26346
26408
26358
26377
26333
26381
26290
26391
26406
26285
26333
26347
26307
26373
26329
26408
26310
26348
26327
26347
26287
26382
26342
26359
26339
26337
26320
26351
26308
26395
26347
26364
26361
26334
26378
26317
26341
26334
26388
26329
26394
26377
26317
26339
26388
26373
26341
26363
26319
26390
26328
26360
26380
26319
26361
26336
26359
26272
26342
26339
26324
26363
26415
26343
26316
26346
26361
26333
26342
26403
26383
26338
26373
26325
26375
26352
26415
26390
26297
26351
26298
26410
26330
26345
26382
26334
26355
26343
26376
26334
26360
26318
26314
26304
26320
26402
26351
26409
26363
26320
26403
26353
26293
26399
26346
26374
26378
26383
26311
26374
26358
26364
26376
26364
26337
26322
26376
26293
26349
26295
26389
26324
26332
26401
26351
26392
26375
26381
26351
26373
26306
26310
26308
26324
26338
26354
26395
26347
26320
26426
26410
26332
26385
26298
26320
26296
26371
26302
26287
26334
26363
26312
26314
26319
26407
26306
26372
26315
26316
26301
26376
26356
26345
26314
26393
26407
26361
26337
26361
26359
26335
26296
26370
26284
26315
26383
26407
26382
26291
26320
26325
26309
26349
26361
26290
26367
26309
26308
26359
26382
26349
26302
26303
26358
26357
26319
26359
26384
26362
26359
26382
26324
26356
26363
26322
26375
26281
26371
26362
26364
26340
26304
26372
26325
26313
26358
26401
26332
26298
26416
26341
26361
26276
26459
26339
26350
26347
26301
26392
26362
26346
26378
26371
26459
26319
26362
26302
26348
26373
26359
26396
26391
26298
26376
26360
26348
26349
26360
26390
26392
26316
26332
26411
26372
26350
26354
26315
26374
26335
26336
26325
26331
26343
26385
26387
26337
26366
26302
26370
26277
26369
26366
26335
26386
26434
26366
26340
26313
26356
26364
26358
26364
26431
26347
26349
26358
26338
26363
26299
26322
26422
26300
26375
26397
26289
26409
26317
26369
26413
26307
26305
26383
26389
26378
26383
26346
26335
26341
26295
26320
26368
26403
26368
26370
26377
26381
26349
26427
26343
26285
26339
26355
26408
26311
26355
26372
26372
26326
26386
26339
26317
26344
26376
26392
26350
26343
26358
26331
26391
26371
26390
26342
26389
26342
26377
26302
26312
26367
26352
26370
26374
26341
26369
26291
26339
26367
26376
26401
26287
26330
26345
26317
26294
26313
26343
26349
26348
26379
26365
26394
26330
26347
26313
26316
26314
26351
26298
26377
26376
26400
26404
26333
26404
26328
26329
26373
26345
26370
26351
26330
26346
26379
26375
26320
26285
26385
26418
26369
26338
26346
26319
26388
26321
26355
26350
26312
26372
26360
26386
26286
26389
26336
26343
26345
26349
26350
26350
26354
26353
26295
26387
26416
26356
26377
26312
26332
26350
26325
26347
26327
26334
26305
26366
26400
26342
26360
26398
26407
26299
26332
26378
26340
26286
26343
26350
26330
26386
26326
26317
26334
26383
26365
26317
26352
26346
26340
26330
26369
26278
26287
26373
26337
26335
26361
26389
26368
26349
26364
26295
26332
26413
26299
26272
26320
26348
26368
26382
26349
26333
26317
26317
26332
26371
26365
26345
26419
26325
26340
26342
26358
26363
26370
26314
26341
26283
26356
26341
26335
26381
26342
26422
26345
26295
26302
26293
26342
26301
26334
26307
26415
26281
26340
26383
26382
26390
26405
26256
26372
26379
26379
26357
26380
26304
26317
26394
26346
26380
26339
26354
26359
26375
26348
26316
26380
26321
26372
26325
26303
26405
26327
26355
26392
26362
26356
26384
26316
26334
26330
26337
26294
26312
26365
26344
26381
26343
26331
26372
26320
26356
26382
26344
26344
26366
26352
26381
26348
26376
26384
26374
26306
26330
26306
26299
26322
26314
26311
26369
26318
26338
26369
26354
26299
26379
26341
26383
26368
26318
26333
26378
26350
26375
26339
26375
26358
26430
26319
26324
26389
26336
26324
26340
26321
26372
26366
26425
26373
26333
26379
26379
26338
26315
26376
26365
26325
26326
26392
26372
26318
26329
26402
26331
26310
26348
26332
26354
26354
26364
26413
26407
26344
26333
26308
26395
26360
26315
26350
26397
26380
26353
26380
26337
26329
26383
26303
26331
26350
26396
26327
26344
26300
26345
26383
26354
26387
26390
26315
26340
26364
26352
26391
26363
26290
26321
26304
26335
26354
26339
26396
26351
26346
26360
26359
26358
26319
26312
26328
26389
26418
26310
26349
26337
26409
26382
26380
26304
26375
26357
26365
26331
26367
26399
26361
26328
26366
26338
26388
26376
26302
26356
26340
26320
26402
26329
26348
26344
26345
26357
26334
26357
