10938
10942
10948
10937
10952
10947
10935
10939
10946
10943
10939
10940
10940
10942
10940
10944
10944
10940
10938
10944
10941
10947
10938
10946
10942
10942
10947
10942
10942
10939
10940
10947
10951
10942
10948
10945
10939
10941
10945
10937
10943
10938
10941
10947
10941
10947
10942
10937
10946
10937
10940
10945
10946
10938
10939
10942
10947
10946
10948
10945
10944
10947
10940
10936
10942
10939
10938
10939
10945
10939
10942
10938
10945
10945
10946
10938
10947
10934
10934
10941
10948
10938
10937
10934
10943
10944
10941
10948
10940
10941
10937
10944
10941
10944
10946
10936
10948
10945
10941
10941
10940
10947
10940
10945
10941
10944
10936
10936
10940
10944
10943
10942
10942
10950
10938
10943
10938
10951
10947
10944
10932
10941
10951
10945
10942
10938
10945
10945
10946
10940
10941
10940
10936
10947
10941
10947
10943
10947
10944
10937
10937
10948
10943
10935
10944
10941
10946
10938
10938
10938
10944
10945
10943
10940
10940
10937
10936
10943
10936
10947
10948
10952
10939
10942
10940
10935
10936
10939
10937
10952
10943
10937
10940
10940
10944
10948
10942
10944
10940
10951
10934
10943
10944
10942
10943
10942
10943
10937
10943
10941
10949
10951
10934
10939
10941
10944
10945
10943
10936
10945
10938
10936
10941
10933
10939
10951
10947
10941
10939
10945
10940
10938
10948
10934
10954
10941
10945
10945
10938
10939
10937
10941
10938
10941
10951
10945
10942
10951
10945
10941
10943
10945
10944
10935
10947
10937
10937
10935
10943
10943
10948
10947
10937
10945
10941
10949
10936
10942
10944
10953
10933
10943
10943
10947
10941
10938
10949
10951
10944
10946
10939
10940
10931
10935
10943
10947
10946
10942
10934
10935
10949
10952
10950
10943
10939
10944
10939
10944
10945
10939
10949
10942
10944
10946
10938
10940
10948
10944
10947
10943
10944
10949
10936
10944
10948
10944
10943
10939
10950
10941
10936
10941
10944
10945
10941
10947
10947
10946
10942
10949
10939
10940
10948
10935
10962
10949
10952
10934
10947
10941
10944
10936
10940
10941
10939
10948
10942
10944
10938
10948
10945
10931
10940
10939
10942
10946
10941
10950
10945
10951
10942
10940
10945
10952
10946
10944
10939
10946
10935
10940
10941
10943
10947
10943
10938
10946
10945
10935
10944
10940
10946
10935
10940
10937
10943
10949
10941
10939
10934
10936
10949
10944
10950
10943
10942
10939
10943
10937
10940
10943
10945
10938
10935
10943
10945
10941
10945
10944
10940
10947
10940
10941
10941
10948
10938
10947
10944
10943
10941
10944
10938
10945
10939
10950
10936
10947
10943
10940
10943
10946
10939
10954
10941
10942
10949
10943
10947
10951
10940
10947
10939
10935
10939
10944
10953
10943
10939
10937
10940
10944
10936
10939
10955
10944
10941
10942
10945
10944
10945
10939
10935
10938
10938
10949
10944
10948
10943
10942
10942
10933
10947
10945
10941
10940
10938
10933
10947
10939
10944
10948
10944
10943
10937
10949
10945
10953
10944
10951
10937
10943
10940
10952
10943
10942
10938
10944
10939
10949
10939
10944
10947
10946
10949
10945
10938
10947
10938
10934
10940
10950
10943
10952
10941
10941
10939
10943
10942
10939
10947
10945
10937
10947
10934
10939
10944
10937
10948
10940
10946
10938
10944
10954
10941
10939
10941
10936
10948
10945
10940
10941
10935
10951
10943
10938
10938
10953
10942
10940
10946
10937
10945
10946
10942
10944
10948
10940
10950
10947
10947
10941
10937
10936
10939
10940
10945
10943
10953
10947
10942
10944
10942
10948
10945
10948
10941
10945
10946
10938
10941
10958
10936
10943
10940
10933
10936
10939
10942
10938
10942
10940
10950
10943
10945
10938
10948
10947
10935
10957
10940
10939
10940
10946
10944
10949
10944
10949
10946
10948
10939
10937
10944
10947
10944
10952
10935
10935
10940
10951
10944
10946
10946
10940
10946
10937
10950
10940
10942
10949
10952
10939
10943
10939
10950
10946
10939
10938
10949
10936
10936
10929
10946
10942
10942
10939
10944
10947
10937
10937
10951
10943
10950
10937
10937
10945
10937
10947
10947
10940
10940
10940
10943
10942
10943
10950
10943
10943
10947
10940
10934
10940
10940
10940
10942
10947
10946
10948
10948
10947
10953
10941
10945
10944
10940
10938
10937
10941
10948
10937
10945
10947
10947
10944
10933
10947
10945
10936
10944
10939
10946
10942
10936
10947
10938
10952
10950
10942
10939
10948
10936
10936
10949
10938
10946
10943
10947
10944
10943
10936
10945
10936
10949
10942
10937
10939
10941
10945
10938
10946
10943
10945
10938
10941
10935
10950
10942
10946
10942
10941
10943
10953
10943
10934
10942
10943
10940
10940
10945
10944
10944
10942
10938
10947
10943
10945
10946
10945
10945
10948
10946
10946
10938
10946
10938
10944
10947
10943
10942
10940
10940
10942
10941
10942
10945
10936
10942
10937
10939
10936
10931
10944
10943
10940
10939
10938
10937
10939
10941
10950
10947
10940
10946
10943
10950
10959
10941
10945
10935
10939
10948
10941
10935
10943
10941
10948
10942
10941
10935
10940
10956
10939
10942
10935
10947
10940
10937
10933
10941
10936
10941
10933
10946
10939
10938
10945
10946
10938
10932
10946
10943
10934
10939
10945
10938
10935
10936
10947
10937
10942
10938
10939
10946
10944
10942
10943
10943
10936
10939
10940
10937
10936
10939
10944
10942
10939
10939
10944
10948
10946
10943
10938
10943
10943
10943
10950
10939
10939
10946
10947
10945
10942
10950
10941
10949
10943
10940
10941
10941
10946
10939
10944
10941
10949
10945
10949
10939
10936
10942
10946
10940
10938
10944
10942
10944
10944
10945
10943
10942
10945
10945
10945
10943
10938
10949
10936
10949
10939
10949
10937
10950
10945
10943
10933
10949
10946
10936
10943
10943
10945
10945
10943
10943
10947
10932
10942
10958
10944
10940
10942
10947
10945
10943
10942
10932
10942
10941
10937
10941
10944
10949
10941
10945
10938
10943
10937
10946
10943
10943
10937
10950
10936
10937
10938
10939
10946
10952
10945
10947
10948
10947
10945
10941
10937
10945
10952
10942
10940
10946
10934
10950
10941
10943
10938
10944
10941
10939
10943
10933
10942
10943
10940
10947
10952
10944
10940
10945
10933
10948
10942
10941
10947
10946
10939
10941
10941
10944
10945
10942
10948
10940
10944
10954
10941
10941
10945
10947
10943
10941
10937
10941
10943
10939
10946
10952
10937
10938
10944
10939
10946
10943
10937
