5982
6017
5988
5980
5996
5991
5967
5961
5962
5982
5999
5974
5992
5974
5983
6015
5986
5997
5983
5981
5959
5988
5975
6016
5974
5978
5972
5980
5983
5977
5965
5966
5985
5974
5981
5975
6007
5984
5962
5977
5992
6000
5959
6005
5990
5973
5975
5977
5989
5989
5960
5979
5966
5979
6018
5977
5973
5983
5964
5992
5978
5989
5992
5963
5966
5971
5976
5977
5991
5976
5993
5979
5993
5996
5971
5965
5978
5987
5967
5994
5966
5977
5978
5987
5982
5978
5983
5954
5989
5984
5965
5986
5983
5986
5975
5996
5981
5957
5985
5982
5982
5982
5991
5978
5998
5975
5982
5970
5979
6003
6001
5998
5989
5995
5978
5973
5983
5989
5972
5974
5972
5954
5998
5979
5978
5988
5991
5978
5994
5977
5980
5979
5982
5975
5964
5982
5968
5992
6001
5973
5984
5989
5989
5984
5980
6003
5975
5970
5990
5993
5979
5980
5992
5974
5977
5978
5999
5979
5963
5973
6015
5982
6000
5998
5978
5981
5985
5990
5977
6011
6005
5980
5971
5962
5988
5970
5980
5968
5980
6012
6000
5976
5984
5980
5996
5975
5980
5989
5983
5969
5970
5977
6001
5979
6017
5978
5984
5988
5970
5965
5978
5997
5985
5988
6007
5999
5961
5992
6012
5997
5983
5983
5980
6000
5975
5980
5977
6008
5975
5972
5983
5998
5983
5975
5981
5991
5980
5981
5990
5974
5993
5965
5993
5978
6003
5993
5982
5971
5990
5959
6000
5986
5995
5980
5989
5998
5978
5986
5991
5991
5991
5972
5988
5972
5990
5994
5982
5986
5973
5973
5965
5975
5971
5981
5998
5954
5983
5969
5989
6006
5983
5974
6011
5986
5971
5972
5994
5981
5975
5981
5989
6006
5969
5978
5981
5983
5982
6000
5977
5990
5981
5983
5976
5983
6012
5963
5980
5993
5975
5993
5988
5958
5975
5966
5996
6000
5993
5989
5971
6001
5991
6003
5972
5985
5954
5965
6007
5995
5980
5982
6003
5983
6013
5990
5968
5976
5977
5980
5976
5996
5982
5993
5951
5972
5991
5985
5981
5988
5988
5977
5976
5988
5987
5959
5965
5997
5963
5981
5982
5963
5997
5986
5967
5973
5962
5962
6002
5986
5997
5980
5995
6000
6015
5974
5983
5975
6000
5998
5985
5985
5998
5971
5987
5975
5988
5984
5983
5979
5981
5967
5986
5961
5987
5986
5968
6005
5954
5987
5961
6004
5987
5980
5979
5990
6006
5975
5977
5998
5987
5975
5984
5964
5971
5986
5975
5981
5977
5976
5993
5978
5983
5972
5978
5972
5990
5984
5992
5968
5967
5999
5976
5990
5992
5974
5993
5962
5971
5972
5992
5976
5980
5989
5987
5986
5976
5981
5994
5970
5992
5994
5974
6009
6001
5994
5977
5993
5961
5960
5998
5978
5986
5970
5969
5990
5989
6004
5980
5989
5965
5960
5983
5977
5950
5994
5995
5965
5966
5963
5978
5965
6004
5967
5980
5982
5968
5988
5985
5986
5979
5989
5978
5971
5992
5976
5973
5975
5990
5973
5993
5992
5984
6013
5984
5960
5979
5965
5972
5974
5997
5980
5984
5982
5978
5986
5957
5987
5985
5974
5986
5980
6012
5968
5988
5972
5967
5995
6006
5993
6000
5996
5978
6001
5972
5967
5976
5972
5985
5993
5988
5965
5990
5993
6008
6000
5973
5996
5973
5995
5975
5990
5972
6005
5967
5978
5981
6001
5999
5970
5969
5977
5982
6002
5991
5971
5978
6001
5965
5983
5973
5985
5997
5970
5994
5966
6010
5963
5989
5955
5979
5964
6021
5990
5992
5967
5967
5987
6005
5971
5979
5975
5972
5973
6030
5964
6003
5998
5973
5968
5995
5989
5978
5981
5980
5982
6004
6001
5981
5978
5967
5980
5993
5985
5978
5984
6001
5955
5985
5969
5974
5970
5980
5976
5990
5990
5971
5980
5994
6009
5975
5982
5978
5980
5988
5966
5996
5988
5991
5980
6004
5985
5989
5993
5982
5982
5979
5980
5976
5985
5964
5981
5974
5997
5977
5988
5960
5953
5990
5991
5980
5968
5982
5990
5970
5974
5992
5982
5983
5974
5988
5967
5969
5939
5988
5974
6007
6012
5979
5987
5971
5971
5998
5972
5988
5961
5986
5985
5983
5978
5983
5976
5955
5993
5962
6000
6011
5997
5980
5987
5988
5991
5991
5986
5981
5992
5958
6003
5978
5979
5986
5957
5999
5996
5965
5982
6009
5996
5998
5974
5974
5970
5977
5970
5977
5972
5969
6000
5957
5995
5978
5984
5990
5978
5961
5987
5996
5994
5981
5988
5997
5973
5991
5967
5973
5993
6001
5993
5994
5985
5972
5968
5976
6011
5962
5993
6002
5981
5979
5984
5964
5987
5973
5978
5960
5981
5966
5981
5996
5970
5963
5979
5980
5963
5982
5981
5988
5982
5989
5977
5985
5983
6008
5983
5985
5988
5991
5999
5972
5973
5972
5967
6000
5978
5975
5982
5972
5989
5962
5967
5963
5996
5989
5991
5968
5984
5984
5990
6004
5990
6000
6000
5970
5989
6002
5970
5966
5986
5974
5997
5999
5993
5988
5981
5947
6005
5993
5980
5982
5987
5979
5999
5972
5995
5990
5995
5980
5983
5980
5976
5962
5979
5971
5984
5980
5977
5965
5981
5984
5972
5973
5980
5961
5971
5987
5970
5974
5982
5988
5983
5967
5980
5969
5992
5986
5988
5976
5969
5984
5981
5969
5982
5960
5971
5976
5963
5992
5973
5974
5997
5981
5994
5972
5986
5980
5967
5993
5999
5975
5998
5984
5997
5978
5983
5975
5956
5988
6005
5983
5976
6006
5988
5994
5984
5972
5965
5981
5975
5981
5989
5973
5977
5973
6002
5983
5969
6011
5969
5968
5978
5986
6010
5960
6003
5989
5989
5974
5987
5957
5978
5995
5966
6000
5981
5991
5975
5996
5987
5977
5984
5959
6011
6010
5973
5980
5978
5993
5989
5996
5983
6002
6004
5969
5973
5981
5988
6010
5984
5983
5976
5969
5975
5980
5992
5989
5991
5968
5978
5999
5987
5990
5969
5964
5968
5990
5981
5983
5971
5972
5984
5976
5958
5990
5982
6007
5982
6003
5983
5971
5982
5974
5976
5983
5979
5978
5998
5981
5985
5992
5974
5997
5954
5963
5972
5999
5969
5973
5980
5999
5988
5984
5967
