35808
35821
35810
35812
35810
35825
35810
35822
35818
35825
35805
35806
35822
35816
35821
35814
35810
35822
35820
35810
35827
35807
35826
35814
35826
35813
35812
35822
35823
35814
35791
35814
35815
35807
35809
35821
35828
35835
35821
35798
35807
35806
35831
35800
35819
35815
35822
35810
35819
35806
35833
35814
35815
35823
35819
35810
35822
35814
35803
35822
35811
35822
35811
35805
35793
35800
35820
35834
35817
35819
35819
35805
35818
35816
35801
35819
35830
35814
35823
35815
35835
35818
35816
35810
35823
35828
35829
35814
35818
35819
35806
35814
35811
35823
35834
35819
35806
35808
35803
35809
35818
35819
35831
35833
35816
35829
35810
35818
35825
35824
35823
35842
35811
35815
35818
35816
35841
35828
35831
35817
35819
35805
35820
35827
35814
35824
35816
35831
35812
35806
35814
35821
35822
35820
35800
35824
35820
35801
35825
35825
35796
35807
35826
35814
35815
35809
35822
35805
35824
35810
35811
35807
35816
35815
35819
35811
35807
35818
35814
35818
35814
35808
35813
35810
35820
35834
35826
35813
35812
35824
35811
35814
35811
35822
35803
35809
35801
35801
35807
35806
35817
35823
35830
35815
35822
35820
35817
35805
35792
35810
35813
35822
35814
35827
35815
35814
35818
35827
35825
35813
35802
35825
35831
35814
35820
35815
35826
35811
35815
35826
35813
35816
35829
35814
35807
35827
35808
35809
35820
35828
35823
35806
35801
35796
35817
35843
35800
35812
35816
35817
35831
35839
35806
35823
35802
35808
35808
35833
35831
35808
35818
35810
35817
35806
35827
35813
35815
35829
35816
35817
35820
35825
35809
35822
35800
35810
35815
35811
35821
35829
35819
35820
35823
35820
35824
35814
35803
35803
35823
35814
35813
35806
35817
35812
35807
35823
35825
35815
35824
35817
35812
35816
35828
35825
35825
35808
35807
35830
35827
35800
35828
35808
35821
35823
35814
35823
35823
35808
35819
35822
35813
35820
35809
35826
35810
35811
35818
35830
35819
35814
35819
35824
35827
35823
35836
35789
35805
35816
35815
35831
35805
35812
35808
35810
35818
35828
35805
35807
35832
35809
35814
35823
35828
35814
35816
35811
35806
35819
35810
35822
35810
35812
35806
35817
35810
35818
35820
35809
35809
35801
35824
35827
35819
35824
35817
35796
35811
35815
35804
35802
35822
35830
35815
35829
35828
35821
35816
35811
35818
35804
35811
35817
35811
35822
35815
35805
35800
35805
35810
35804
35800
35798
35811
35810
35814
35806
35811
35800
35817
35807
35829
35816
35800
35809
35822
35813
35818
35818
35813
35825
35800
35833
35826
35823
35818
35817
35804
35817
35818
35810
35834
35825
35808
35825
35816
35813
35820
35820
35820
35826
35814
35805
35822
35817
35812
35814
35813
35804
35832
35813
35812
35835
35826
35825
35820
35821
35819
35814
35820
35823
35813
35816
35821
35798
35802
35818
35831
35828
35806
35798
35813
35826
35815
35822
35798
35817
35808
35815
35823
35822
35818
35827
35818
35822
35804
35815
35812
35819
35816
35804
35805
35818
35810
35801
35815
35810
35804
35833
35815
35822
35808
35828
35828
35815
35823
35810
35812
35843
35823
35821
35824
35833
35814
35824
35819
35807
35807
35812
35801
35811
35815
35824
35828
35811
35824
35815
35813
35831
35826
35811
35822
35824
35823
35813
35812
35818
35821
35822
35818
35818
35806
35826
35824
35828
35808
35804
35829
35815
35823
35822
35809
35819
35818
35825
35819
35808
35813
35812
35811
35832
35822
35796
35814
35812
35820
35819
35805
35831
35835
35816
35812
35839
35822
35809
35830
35819
35811
35822
35831
35816
35823
35817
35807
35809
35812
35803
35813
35837
35836
35816
35824
35817
35821
35803
35822
35820
35833
35810
35820
35828
35797
35829
35814
35809
35813
35826
35813
35822
35819
35817
35817
35815
35818
35825
35799
35822
35832
35819
35827
35811
35840
35807
35814
35824
35807
35831
35811
35822
35836
35814
35832
35814
35837
35820
35814
35821
35803
35817
35805
35810
35822
35822
35814
35830
35815
35815
35810
35815
35817
35822
35814
35811
35819
35803
35836
35806
35822
35842
35827
35812
35816
35826
35818
35798
35840
35818
35834
35807
35810
35814
35814
35836
35822
35811
35803
35810
35810
35813
35825
35816
35815
35804
35796
35818
35817
35813
35819
35812
35819
35805
35814
35826
35820
35815
35826
35817
35823
35812
35821
35819
35832
35802
35813
35837
35818
35823
35833
35818
35812
35814
35826
35818
35813
35820
35817
35814
35826
35817
35823
35804
35823
35808
35807
35808
35825
35818
35813
35812
35824
35817
35803
35814
35795
35815
35807
35805
35813
35804
35815
35804
35826
35810
35825
35827
35817
35810
35817
35799
35810
35810
35812
35829
35813
35812
35816
35831
35811
35800
35830
35829
35804
35828
35833
35825
35795
35825
35826
35822
35821
35810
35827
35831
35833
35807
35815
35802
35837
35820
35813
35829
35820
35812
35829
35816
35818
35827
35820
35809
35803
35829
35826
35824
35830
35819
35822
35828
35817
35798
35811
35833
35836
35816
35822
35812
35812
35816
35836
35819
35814
35805
35803
35828
35817
35826
35817
35823
35835
35815
35809
35838
35819
35809
35818
35827
35824
35815
35819
35815
35824
35806
35824
35820
35797
35812
35827
35804
35825
35816
35827
35817
35824
35809
35802
35818
35821
35818
35815
35831
35815
35806
35830
35821
35810
35815
35822
35803
35804
35823
35813
35810
35806
35815
35817
35804
35816
35818
35833
35813
35812
35807
35841
35821
35826
35804
35823
35814
35805
35824
35829
35823
35802
35819
35831
35819
35797
35832
35819
35815
35804
35823
35801
35817
35825
35817
35812
35821
35812
35792
35815
35812
35805
35799
35828
35803
35818
35808
35794
35833
35823
35818
35812
35811
35814
35818
35812
35811
35806
35807
35805
35815
35805
35812
35816
35824
35790
35825
35824
35806
35821
35815
35824
35808
35820
35817
35814
35805
35805
35814
35812
35810
35826
35808
35816
35815
35818
35802
35805
35832
35809
35811
35815
35810
35822
35818
35811
35812
35828
35813
35805
35810
35820
35825
35819
35828
35810
35802
35805
35816
35811
35801
35830
35814
35801
35814
35832
35817
35827
35830
35833
35814
35814
35823
35808
35817
35807
35809
35811
35815
35823
35810
35823
35828
35808
35822
35809
35828
35831
35825
35810
35817
35822
35813
35815
35820
35829
35825
35820
35801
35826
35801
35816
35828
35824
35824
35811
35829
35802
35810
35831
35825
