19894
19890
19907
19882
19895
19880
19892
19885
19903
19888
19902
19907
19895
19919
19901
19897
19890
19888
19887
19881
19908
19900
19896
19891
19898
19902
19891
19905
19874
19888
19898
19891
19893
19897
19881
19886
19902
19888
19897
19886
19892
19906
19886
19896
19915
19896
19889
19887
19892
19899
19895
19872
19903
19889
19891
19891
19882
19889
19905
19893
19900
19891
19899
19893
19877
19886
19894
19896
19895
19886
19875
19891
19897
19881
19881
19898
19888
19886
19900
19893
19905
19897
19887
19891
19872
19897
19894
19891
19890
19905
19898
19889
19890
19903
19886
19898
19885
19901
19911
19905
19904
19891
19881
19906
19884
19900
19907
19885
19892
19896
19893
19887
19907
19885
19899
19889
19867
19881
19898
19892
19903
19902
19884
19895
19900
19882
19865
19897
19884
19893
19894
19900
19900
19902
19911
19890
19887
19899
19887
19906
19905
19886
19904
19903
19893
19903
19891
19888
19891
19899
19900
19892
19884
19895
19895
19874
19894
19887
19888
19893
19906
19895
19890
19888
19880
19894
19881
19895
19888
19882
19893
19907
19887
19886
19895
19887
19895
19900
19886
19900
19880
19885
19902
19897
19887
19898
19902
19887
19893
19895
19902
19905
19894
19908
19893
19891
19888
19895
19884
19892
19887
19887
19904
19895
19897
19894
19886
19917
19889
19896
19891
19876
19897
19881
19884
19886
19889
19895
19899
19899
19908
19892
19895
19882
19888
19889
19891
19898
19896
19889
19887
19894
19877
19901
19881
19904
19882
19893
19907
19870
19894
19896
19907
19896
19867
19886
19889
19902
19891
19886
19902
19875
19897
19882
19910
19876
19902
19895
19893
19902
19897
19903
19894
19886
19898
19902
19898
19908
19892
19893
19884
19895
19886
19873
19907
19875
19893
19895
19874
19875
19896
19900
19899
19902
19903
19894
19908
19887
19891
19889
19893
19888
19896
19892
19885
19876
19902
19885
19887
19891
19883
19890
19901
19877
19905
19888
19902
19905
19885
19897
19900
19904
19883
19893
19906
19896
19881
19893
19897
19899
19908
19885
19889
19887
19896
19890
19883
19906
19887
19910
19892
19903
19872
19889
19874
19891
19898
19884
19898
19900
19874
19902
19899
19895
19875
19886
19893
19899
19870
19906
19878
19893
19898
19902
19893
19888
19886
19889
19892
19889
19901
19897
19886
19890
19891
19872
19880
19897
19882
19905
19896
19911
19899
19886
19893
19883
19906
19890
19889
19885
19899
19903
19892
19888
19898
19896
19895
19894
19886
19898
19890
19885
19893
19896
19906
19891
19893
19888
19902
19888
19878
19886
19886
19899
19893
19902
19898
19892
19874
19902
19892
19902
19880
19875
19904
19895
19895
19905
19905
19892
19885
19881
19884
19880
19891
19881
19901
19880
19897
19912
19882
19904
19899
19881
19924
19893
19895
19876
19888
19909
19906
19899
19888
19893
19891
19883
19900
19880
19894
19889
19891
19897
19894
19869
19901
19891
19882
19899
19885
19872
19885
19893
19892
19885
19902
19882
19868
19878
19880
19897
19896
19877
19883
19873
19893
19886
19903
19897
19911
19888
19889
19881
19887
19901
19897
19902
19894
19902
19888
19906
19900
19882
19899
19901
19895
19895
19875
19900
19884
19861
19898
19902
19893
19879
19892
19893
19883
19883
19888
19880
19885
19919
19888
19905
19905
19887
19895
19882
19893
19901
19893
19903
19893
19870
19896
19878
19895
19896
19907
19904
19903
19895
19907
19866
19897
19888
19881
19898
19897
19896
19895
19884
19901
19891
19890
19897
19888
19895
19880
19895
19896
19900
19924
19888
19906
19901
19899
19891
19890
19887
19887
19889
19900
19883
19889
19893
19895
19896
19888
19883
19904
19901
19898
19871
19886
19878
19901
19906
19894
19898
19877
19887
19910
19881
19901
19895
19901
19900
19904
19909
19892
19894
19901
19900
19885
19900
19894
19895
19900
19886
19888
19885
19884
19876
19902
19895
19881
19881
19882
19896
19903
19900
19896
19894
19893
19894
19904
19879
19891
19895
19897
19882
19873
19892
19887
19901
19894
19889
19899
19903
19887
19881
19883
19903
19882
19878
19893
19890
19895
19916
19895
19897
19889
19894
19879
19882
19899
19892
19883
19908
19891
19909
19904
19892
19881
19888
19892
19899
19914
19898
19901
19894
19883
19907
19903
19895
19902
19886
19904
19876
19901
19876
19890
19896
19888
19877
19888
19886
19893
19877
19889
19911
19892
19888
19881
19902
19906
19884
19885
19888
19900
19887
19906
19905
19886
19884
19897
19887
19877
19905
19875
19889
19886
19878
19887
19888
19886
19896
19883
19893
19888
19902
19902
19893
19883
19890
19890
19896
19883
19903
19901
19877
19900
19901
19885
19891
19896
19880
19890
19898
19897
19899
19887
19902
19882
19891
19900
19901
19877
19890
19888
19880
19899
19891
19890
19890
19888
19899
19892
19898
19883
19891
19880
19881
19907
19888
19878
19876
19869
19885
19887
19899
19909
19892
19893
19889
19888
19906
19883
19894
19908
19885
19890
19903
19890
19917
19890
19899
19879
19889
19895
19900
19898
19880
19914
19892
19890
19887
19874
19882
19884
19895
19899
19906
19886
19900
19878
19875
19886
19887
19906
19894
19877
19892
19913
19897
19893
19903
19885
19910
19886
19876
19889
19885
19899
19890
19900
19899
19884
19882
19885
19907
19896
19888
19892
19896
19882
19873
19891
19875
19867
19896
19898
19880
19906
19906
19903
19888
19903
19903
19876
19902
19893
19917
19875
19884
19903
19890
19894
19911
19899
19891
19875
19885
19875
19910
19879
19886
19916
19896
19885
19897
19879
19896
19894
19906
19886
19882
19888
19886
19893
19894
19899
19878
19893
19888
19895
19871
19869
19867
19892
19885
19895
19882
19909
19894
19895
19893
19891
19888
19906
19909
19890
19879
19901
19881
19888
19904
19890
19894
19881
19895
19920
19888
19880
19893
19897
19889
19898
19879
19904
19905
19881
19910
19884
19899
19897
19901
19889
19894
19886
19891
19901
19894
19896
19892
19890
19880
19910
19888
19889
19886
19888
19905
19903
19894
19899
19899
19890
19884
19901
19902
19888
19897
19905
19891
19893
19891
19896
19888
19902
19890
19871
19891
19882
19888
19884
19892
19902
19886
19899
19897
19902
19903
19889
19885
19910
19881
19889
19898
19884
19904
19886
19892
19888
19904
19908
19893
19886
19889
19900
19914
19882
19893
19889
19882
19881
19889
19874
19879
19893
19868
19885
19877
19885
19888
19877
19904
19893
19887
