37453
37489
37501
37508
37484
37503
37539
37479
37466
37514
37478
37487
37534
37539
37482
37513
37545
37529
37484
37489
37492
37508
37464
37527
37509
37500
37510
37490
37519
37489
37461
37485
37507
37521
37504
37485
37490
37462
37510
37509
37469
37484
37497
37513
37466
37493
37456
37440
37540
37563
37490
37533
37510
37483
37494
37535
37503
37517
37487
37467
37511
37546
37471
37493
37480
37523
37466
37478
37502
37488
37468
37479
37467
37510
37477
37551
37471
37522
37490
37462
37497
37504
37485
37455
37520
37498
37491
37533
37504
37515
37466
37507
37490
37493
37512
37525
37548
37476
37488
37476
37495
37518
37511
37535
37447
37499
37520
37521
37463
37494
37506
37510
37486
37490
37505
37483
37525
37503
37486
37516
37509
37505
37494
37493
37436
37526
37524
37519
37527
37473
37481
37512
37483
37510
37521
37474
37476
37499
37515
37535
37489
37469
37521
37515
37499
37491
37479
37554
37485
37489
37498
37535
37508
37497
37482
37536
37534
37521
37483
37510
37531
37504
37496
37494
37479
37514
37494
37524
37527
37482
37505
37524
37495
37486
37500
37505
37505
37530
37543
37523
37498
37505
37525
37494
37485
37521
37476
37528
37541
37529
37545
37456
37475
37520
37495
37489
37522
37530
37505
37519
37490
37503
37517
37490
37490
37501
37507
37470
37505
37503
37474
37488
37533
37490
37512
37488
37496
37532
37523
37503
37496
37491
37456
37500
37525
37509
37514
37474
37528
37517
37521
37535
37512
37475
37494
37515
37488
37508
37495
37520
37469
37468
37466
37500
37474
37542
37517
37520
37496
37541
37509
37520
37524
37498
37492
37474
37492
37528
37495
37509
37488
37507
37501
37475
37549
37486
37498
37455
37518
37530
37488
37487
37513
37504
37486
37484
37516
37529
37498
37511
37501
37517
37466
37505
37483
37552
37517
37515
37486
37501
37514
37507
37515
37539
37518
37498
37484
37503
37488
37525
37474
37526
37495
37567
37510
37489
37498
37465
37512
37509
37539
37510
37520
37523
37487
37525
37479
37482
37524
37482
37446
37482
37522
37529
37500
37507
37518
37524
37498
37513
37512
37478
37524
37539
37475
37523
37509
37504
37464
37530
37518
37501
37520
37485
37496
37498
37532
37473
37476
37526
37491
37475
37504
37550
37468
37485
37551
37497
37475
37508
37495
37485
37517
37498
37454
37505
37502
37542
37475
37521
37461
37531
37484
37519
37485
37504
37483
37526
37485
37505
37534
37531
37502
37539
37517
37457
37510
37506
37502
37532
37491
37492
37537
37508
37497
37473
37465
37486
37516
37472
37508
37496
37491
37538
37499
37488
37482
37506
37508
37502
37574
37521
37532
37499
37498
37505
37511
37518
37522
37541
37488
37514
37479
37487
37520
37488
37515
37483
37495
37493
37461
37507
37507
37505
37564
37475
37464
37522
37531
37495
37577
37494
37482
37484
37471
37518
37496
37523
37550
37529
37543
37499
37559
37519
37465
37460
37510
37506
37503
37470
37475
37484
37539
37470
37499
37486
37536
37514
37520
37525
37571
37495
37506
37500
37578
37548
37529
37495
37459
37514
37519
37507
37489
37515
37522
37472
37472
37512
37503
37484
37479
37455
37506
37526
37531
37488
37492
37501
37473
37477
37526
37440
37475
37491
37500
37473
37447
37483
37512
37526
37512
37500
37470
37512
37526
37507
37513
37523
37490
37486
37502
37483
37536
37510
37463
37501
37517
37526
37484
37548
37493
37513
37557
37509
37516
37509
37497
37498
37462
37491
37517
37524
37512
37518
37481
37455
37522
37500
37533
37489
37521
37487
37482
37519
37546
37467
37511
37472
37511
37532
37465
37496
37475
37513
37493
37521
37498
37489
37531
37533
37527
37546
37477
37525
37487
37542
37525
37472
37472
37486
37480
37531
37458
37479
37511
37503
37518
37541
37475
37503
37502
37485
37494
37474
37472
37520
37528
37507
37477
37495
37477
37474
37579
37477
37469
37506
37513
37464
37511
37493
37519
37496
37463
37488
37485
37506
37543
37481
37465
37484
37474
37513
37524
37502
37516
37541
37526
37481
37468
37521
37514
37478
37527
37497
37478
37511
37498
37505
37541
37479
37530
37497
37489
37483
37519
37517
37486
37539
37498
37519
37496
37500
37494
37518
37508
37512
37470
37484
37479
37496
37493
37470
37506
37510
37484
37533
37518
37490
37529
37538
37460
37486
37491
37529
37490
37490
37469
37484
37486
37514
37498
37522
37484
37476
37508
37508
37485
37452
37529
37487
37480
37537
37495
37543
37581
37508
37519
37484
37530
37481
37507
37458
37533
37510
37515
37486
37489
37514
37457
37536
37506
37535
37493
37555
37498
37456
37479
37495
37543
37490
37512
37475
37501
37500
37502
37497
37498
37462
37508
37481
37496
37483
37486
37474
37484
37523
37519
37520
37485
37520
37485
37523
37521
37482
37515
37502
37495
37454
37492
37524
37510
37522
37513
37524
37564
37478
37529
37471
37511
37514
37523
37511
37537
37482
37522
37476
37456
37542
37513
37462
37519
37500
37486
37522
37492
37485
37486
37471
37535
37567
37492
37514
37486
37527
37492
37506
37481
37451
37519
37508
37492
37503
37528
37511
37495
37495
37481
37492
37491
37539
37508
37467
37463
37514
37510
37500
37486
37537
37532
37496
37508
37529
37500
37509
37513
37514
37477
37551
37532
37504
37494
37532
37487
37468
37461
37503
37509
37543
37538
37501
37474
37481
37481
37466
37525
37464
37517
37527
37510
37483
37490
37523
37492
37480
37495
37491
37520
37505
37494
37475
37502
37580
37461
37495
37520
37465
37542
37523
37530
37511
37485
37504
37499
37511
37498
37505
37501
37462
37463
37547
37528
37459
37487
37523
37492
37474
37532
37468
37492
37587
37518
37478
37539
37493
37475
37497
37510
37464
37552
37469
37470
37490
37519
37481
37512
37479
37522
37529
37506
37454
37566
37459
37485
37517
37573
37482
37489
37460
37549
37488
37486
37510
37511
37508
37515
37461
37474
37501
37477
37498
37494
37491
37522
37491
37478
37514
37500
37457
37498
37534
37451
37466
37507
37520
37474
37512
37548
37497
37512
37547
37507
37513
37467
37511
37492
37526
37510
37502
37530
37529
37468
37465
37507
37505
37520
37487
37487
37482
37496
37542
37506
37503
37536
37501
37495
37500
37483
37484
37509
37537
37507
37468
37489
37524
37577
37458
37508
37488
37508
37489
37448
37533
37478
37450
37493
37523
37491
37519
37515
37536
37468
37485
37508
37479
37489
37467
37502
37497
37489
37521
