9069
9077
9085
9064
9068
9053
9076
9065
9044
9071
9070
9074
9064
9077
9060
9055
9052
9071
9076
9057
9076
9062
9053
9068
9062
9061
9077
9065
9058
9057
9071
9059
9085
9069
9052
9052
9076
9072
9065
9047
9063
9060
9047
9045
9053
9073
9049
9072
9066
9078
9071
9076
9070
9062
9055
9069
9067
9056
9059
9074
9060
9050
9077
9063
9081
9066
9073
9070
9066
9076
9050
9057
9062
9065
9072
9056
9064
9059
9068
9069
9066
9063
9082
9064
9051
9048
9056
9074
9075
9072
9064
9067
9075
9072
9065
9060
9079
9061
9058
9060
9063
9069
9075
9084
9076
9049
9073
9077
9085
9050
9069
9056
9067
9068
9055
9065
9077
9055
9068
9047
9070
9090
9072
9056
9066
9071
9060
9075
9067
9052
9068
9077
9070
9057
9057
9063
9062
9077
9076
9079
9066
9063
9082
9066
9069
9060
9081
9046
9058
9060
9055
9068
9084
9064
9081
9065
9060
9056
9068
9058
9058
9065
9063
9055
9058
9066
9067
9068
9066
9055
9076
9068
9079
9069
9061
9054
9078
9066
9064
9078
9057
9070
9079
9074
9062
9079
9074
9062
9051
9079
9067
9049
9064
9049
9067
9068
9048
9074
9076
9076
9064
9058
9055
9069
9069
9057
9050
9067
9057
9066
9062
9071
9056
9059
9061
9083
9057
9073
9067
9047
9066
9056
9079
9073
9063
9070
9071
9060
9072
9065
9069
9059
9068
9074
9079
9074
9087
9063
9053
9065
9061
9062
9069
9080
9076
9080
9065
9062
9072
9074
9086
9055
9064
9074
9071
9072
9054
9069
9061
9059
9050
9067
9056
9057
9048
9062
9063
9052
9060
9050
9068
9058
9065
9068
9075
9056
9068
9058
9065
9058
9065
9053
9060
9054
9063
9067
9049
9060
9060
9053
9056
9064
9067
9057
9059
9083
9060
9069
9067
9076
9080
9070
9071
9047
9084
9055
9063
9056
9049
9063
9074
9070
9070
9061
9070
9077
9063
9049
9080
9046
9060
9078
9068
9067
9071
9060
9064
9067
9075
9065
9079
9052
9075
9084
9074
9067
9060
9080
9068
9061
9050
9054
9052
9067
9060
9073
9064
9070
9057
9077
9093
9068
9073
9057
9064
9060
9046
9063
9076
9062
9063
9093
9055
9059
9068
9058
9054
9067
9080
9079
9076
9071
9066
9064
9071
9065
9063
9066
9061
9063
9073
9064
9049
9062
9070
9059
9068
9059
9060
9065
9070
9065
9068
9067
9066
9050
9067
9072
9092
9079
9071
9048
9060
9063
9086
9058
9059
9049
9054
9062
9082
9057
9060
9068
9076
9052
9049
9080
9073
9057
9072
9062
9088
9073
9065
9064
9066
9045
9078
9059
9070
9070
9068
9065
9055
9078
9062
9063
9072
9069
9080
9060
9069
9054
9085
9050
9073
9068
9063
9058
9051
9068
9055
9083
9061
9073
9067
9080
9056
9063
9070
9056
9072
9066
9077
9074
9053
9050
9063
9082
9053
9061
9062
9066
9070
9074
9076
9061
9053
9070
9056
9066
9062
9058
9057
9071
9056
9053
9066
9067
9083
9080
9090
9070
9076
9056
9053
9065
9068
9065
9063
9084
9081
9061
9057
9063
9052
9071
9063
9061
9048
9063
9065
9071
9061
9067
9064
9089
9071
9061
9066
9076
9065
9071
9069
9074
9075
9073
9067
9066
9063
9058
9075
9077
9069
9080
9072
9075
9079
9065
9063
9068
9055
9065
9071
9072
9076
9064
9062
9063
9057
9087
9069
9067
9080
9054
9057
9080
9086
9070
9080
9061
9052
9087
9058
9058
9074
9079
9070
9049
9067
9069
9075
9076
9056
9048
9068
9068
9064
9075
9065
9057
9066
9079
9083
9054
9051
9058
9063
9060
9067
9076
9060
9048
9057
9082
9057
9066
9064
9051
9064
9056
9072
9066
9061
9064
9072
9066
9070
9065
9067
9064
9061
9082
9069
9052
9061
9060
9060
9069
9069
9070
9066
9076
9088
9073
9068
9062
9058
9051
9062
9076
9073
9057
9065
9059
9076
9066
9078
9088
9073
9077
9056
9064
9080
9063
9082
9079
9067
9071
9069
9075
9065
9061
9059
9065
9083
9067
9065
9068
9067
9072
9069
9066
9069
9069
9081
9077
9064
9051
9052
9086
9079
9067
9059
9075
9067
9065
9064
9063
9076
9068
9080
9069
9062
9056
9056
9057
9071
9053
9048
9061
9059
9062
9072
9057
9069
9077
9071
9069
9056
9057
9063
9050
9063
9065
9067
9062
9057
9069
9068
9063
9058
9067
9103
9073
9061
9065
9072
9069
9078
9059
9061
9064
9048
9075
9067
9060
9067
9068
9072
9069
9066
9059
9063
9081
9062
9058
9071
9066
9062
9072
9078
9064
9050
9067
9045
9061
9069
9070
9071
9060
9066
9062
9077
9056
9062
9080
9062
9067
9062
9077
9063
9057
9066
9077
9059
9056
9066
9065
9056
9052
9071
9054
9067
9064
9051
9069
9056
9076
9064
9084
9081
9059
9067
9056
9067
9090
9074
9062
9075
9076
9074
9066
9058
9061
9076
9073
9080
9061
9056
9060
9051
9081
9088
9058
9080
9089
9071
9073
9080
9056
9063
9077
9064
9069
9061
9063
9067
9065
9059
9060
9082
9053
9059
9059
9073
9068
9066
9072
9081
9060
9066
9057
9057
9083
9059
9065
9059
9050
9065
9064
9068
9079
9053
9052
9069
9065
9074
9066
9063
9069
9069
9078
9067
9067
9044
9078
9074
9063
9067
9068
9079
9060
9066
9075
9064
9074
9077
9058
9062
9065
9077
9070
9068
9074
9074
9052
9063
9078
9070
9054
9061
9060
9063
9070
9083
9073
9070
9059
9073
9065
9061
9062
9056
9060
9061
9056
9051
9059
9075
9064
9065
9072
9063
9069
9062
9060
9061
9059
9056
9057
9063
9044
9058
9064
9091
9065
9047
9061
9056
9059
9068
9085
9072
9083
9071
9068
9060
9062
9061
9087
9082
9076
9064
9063
9070
9066
9060
9061
9074
9077
9072
9071
9079
9075
9063
9063
9062
9047
9086
9060
9061
9060
9065
9065
9068
9065
9058
9056
9059
9060
9070
9064
9054
9065
9064
9055
9064
9065
9069
9070
9054
9060
9064
9083
9081
9066
9068
9063
9079
9053
9066
9066
9086
9092
9063
9074
9066
9071
9054
9066
9065
9063
9063
9071
9067
9063
9057
9073
