6396
6401
6395
6398
6402
6408
6382
6389
6393
6393
6398
6401
6404
6395
6381
6410
6402
6392
6395
6394
6380
6398
6401
6398
6387
6394
6394
6393
6393
6400
6383
6378
6390
6397
6407
6392
6395
6394
6380
6400
6401
6403
6388
6409
6414
6396
6404
6386
6392
6387
6388
6396
6382
6401
6416
6392
6404
6391
6389
6389
6397
6393
6398
6377
6392
6396
6390
6392
6410
6388
6385
6392
6403
6403
6390
6400
6396
6406
6386
6401
6396
6393
6381
6394
6393
6391
6385
6389
6398
6390
6396
6398
6409
6388
6394
6409
6395
6384
6405
6406
6386
6394
6403
6391
6410
6389
6385
6390
6399
6393
6404
6398
6392
6398
6393
6396
6402
6394
6387
6386
6394
6386
6403
6391
6399
6398
6391
6390
6404
6393
6398
6395
6393
6384
6393
6394
6395
6406
6397
6396
6393
6406
6381
6395
6392
6399
6398
6394
6395
6400
6397
6384
6402
6395
6405
6391
6399
6396
6401
6390
6418
6400
6406
6402
6390
6395
6402
6400
6405
6401
6400
6394
6388
6391
6404
6393
6394
6391
6389
6406
6396
6395
6388
6388
6403
6391
6399
6394
6396
6396
6380
6399
6403
6395
6407
6396
6394
6391
6387
6384
6388
6413
6395
6397
6405
6403
6382
6400
6397
6400
6406
6394
6397
6406
6398
6396
6391
6416
6382
6398
6401
6413
6392
6394
6385
6398
6395
6390
6401
6401
6393
6392
6398
6397
6401
6413
6387
6387
6400
6402
6398
6397
6402
6392
6405
6393
6393
6402
6398
6394
6398
6393
6408
6385
6406
6412
6405
6400
6398
6396
6397
6393
6385
6406
6398
6392
6398
6392
6394
6396
6409
6381
6408
6390
6394
6392
6391
6405
6394
6403
6410
6417
6392
6392
6406
6393
6389
6402
6403
6402
6389
6399
6381
6393
6406
6393
6408
6401
6393
6402
6397
6395
6404
6386
6408
6396
6395
6403
6397
6404
6392
6402
6388
6396
6385
6392
6404
6399
6413
6394
6404
6399
6417
6393
6395
6388
6411
6395
6402
6400
6397
6399
6390
6378
6393
6397
6384
6395
6395
6395
6393
6403
6390
6386
6384
6395
6393
6398
6399
6392
6395
6397
6393
6397
6383
6394
6411
6393
6409
6402
6405
6397
6411
6402
6399
6394
6396
6391
6390
6391
6401
6388
6395
6400
6399
6390
6397
6394
6397
6391
6385
6393
6389
6398
6397
6405
6391
6403
6391
6407
6390
6392
6394
6396
6414
6400
6394
6407
6390
6393
6408
6385
6386
6396
6398
6390
6389
6389
6411
6404
6391
6391
6390
6393
6399
6389
6403
6387
6383
6394
6401
6404
6399
6391
6403
6396
6396
6386
6404
6400
6402
6406
6401
6393
6389
6403
6403
6403
6407
6389
6403
6403
6398
6401
6393
6388
6386
6388
6389
6389
6399
6386
6387
6399
6396
6399
6395
6402
6396
6394
6400
6393
6383
6406
6402
6390
6397
6396
6386
6390
6401
6384
6388
6398
6394
6391
6402
6402
6394
6393
6403
6398
6386
6399
6389
6389
6401
6408
6397
6395
6397
6414
6388
6403
6395
6383
6391
6390
6415
6404
6400
6404
6398
6409
6392
6395
6395
6389
6391
6390
6408
6390
6386
6401
6390
6409
6397
6399
6392
6400
6399
6422
6388
6380
6397
6383
6399
6391
6388
6387
6393
6384
6405
6388
6389
6408
6390
6398
6393
6399
6398
6398
6392
6385
6396
6396
6399
6394
6398
6394
6383
6409
6394
6386
6398
6398
6377
6399
6396
6404
6412
6402
6395
6392
6402
6383
6397
6391
6399
6391
6419
6407
6383
6386
6389
6391
6396
6408
6402
6399
6387
6388
6401
6397
6411
6388
6387
6378
6408
6398
6398
6399
6394
6405
6388
6401
6401
6391
6391
6400
6397
6395
6415
6399
6393
6390
6404
6385
6396
6397
6388
6393
6396
6402
6407
6392
6401
6416
6399
6399
6385
6389
6399
6392
6398
6396
6396
6393
6399
6400
6402
6402
6386
6398
6402
6393
6402
6394
6391
6395
6388
6406
6391
6387
6394
6388
6407
6392
6400
6395
6385
6405
6392
6396
6395
6397
6392
6400
6390
6387
6396
6375
6388
6390
6411
6402
6389
6398
6391
6387
6401
6397
6392
6387
6408
6404
6399
6387
6401
6385
6378
6408
6382
6393
6411
6390
6389
6405
6390
6398
6402
6399
6387
6394
6382
6410
6391
6415
6386
6387
6403
6406
6396
6388
6414
6393
6403
6388
6397
6396
6393
6397
6393
6390
6404
6411
6391
6401
6392
6400
6398
6392
6397
6400
6391
6397
6402
6394
6408
6390
6399
6383
6396
6396
6408
6401
6391
6394
6385
6388
6388
6412
6387
6400
6402
6398
6383
6397
6393
6388
6392
6403
6386
6393
6385
6390
6398
6393
6395
6400
6409
6385
6397
6395
6389
6390
6385
6398
6398
6391
6401
6400
6401
6394
6402
6406
6383
6391
6384
6388
6409
6397
6392
6393
6389
6402
6387
6389
6381
6402
6396
6398
6386
6398
6401
6407
6396
6403
6409
6403
6396
6409
6388
6393
6397
6402
6385
6393
6404
6401
6395
6400
6396
6394
6404
6396
6389
6394
6395
6411
6388
6407
6412
6410
6400
6392
6386
6413
6379
6393
6390
6400
6396
6386
6392
6396
6404
6396
6390
6393
6382
6388
6411
6406
6391
6392
6395
6393
6390
6391
6392
6395
6403
6392
6397
6403
6395
6407
6400
6399
6388
6394
6397
6386
6405
6414
6414
6395
6388
6410
6386
6392
6398
6400
6400
6423
6382
6404
6397
6398
6396
6403
6394
6386
6401
6397
6399
6395
6416
6399
6404
6395
6390
6380
6398
6393
6395
6395
6389
6395
6396
6397
6398
6390
6390
6390
6389
6388
6400
6401
6389
6408
6406
6407
6396
6396
6381
6397
6420
6402
6406
6393
6405
6389
6403
6401
6392
6394
6394
6411
6398
6410
6394
6396
6405
6401
6402
6397
6399
6408
6383
6396
6401
6394
6403
6403
6393
6387
6387
6387
6398
6397
6400
6401
6398
6389
6400
6399
6400
6385
6392
6384
6403
6393
6391
6393
6392
6391
6393
6389
6413
6394
6405
6396
6408
6384
6391
6389
6388
6390
6389
6391
6397
6394
6392
6403
6406
6398
6407
6387
6383
6391
6409
6392
6391
6389
6404
6399
6399
6387
